0 1620
1 1908
2 1682
3 1460
4 1450
5 1448
6 1337
7 2354
8 1353
9 1359
10 2259
11 1620
12 1613
13 4686
14 4686
15 4682
16 4682
17 4679
18 4731
19 1862
20 1694
21 2180
22 2307
23 2310
24 2311
25 2350
26 1416
27 2384
28 2385
29 2389
30 2806
31 2953
32 4775
33 2356
34 3035
35 3004
36 2907
37 3238
38 1623
39 3243
40 3251
41 4409
42 4403
43 4353
44 1907
45 1459
46 2146
47 1408
48 1894
49 1895
50 3145
51 1455
52 2121
53 2126
54 2169
55 2205
56 2098
57 3394
58 3428
59 1904
60 1686
61 4342
62 4350
63 2190
64 1893
65 2112
66 2115
67 2196
68 2162
69 2120
70 2183
71 2176
72 1622
73 3245
74 3253
75 1904
76 4350
77 4394
78 4350
79 1864
80 4403
81 4409
82 4692
83 4732
84 4687
85 4690
86 4690
87 4692
88 4403
89 4402
90 4402
91 4399
92 3268
93 3438
94 1698
95 4394
96 4394
97 1677
98 1740
99 1686
100 1430
101 2919
102 1893
103 2173
104 2164
105 2123
106 4398
107 2251
108 2255
109 2198
110 2960
111 2948
112 1425
113 4552
114 1384
115 1890
116 3016
117 2950
118 2972
119 2921
120 1422
121 1413
122 1344
123 2946
124 4190
125 1867
126 1402
127 3456
128 1415
129 3198
130 2357
131 1897
132 3424
133 2301
134 1457
135 4497
136 4511
137 3139
138 3081
139 3451
140 4774
141 1698
142 3202
143 3017
144 2324
145 2345
146 4391
147 3052
148 4056
149 4070
150 4527
151 2264
152 3980
153 2297
154 2319
155 2301
156 4175
157 2375
158 2342
159 2343
160 2335
161 2336
162 3443
163 2330
164 1618
165 3247
166 1905
167 3237
168 1334
169 4520
170 4071
171 4052
172 3422
173 2286
174 1390
175 3986
176 4065
177 3122
178 4409
179 4406
180 4408
181 4405
182 4412
183 4394
184 4392
185 3378
186 3277
187 3112
188 1383
189 2213
190 2218
191 4395
192 3092
193 1352
194 4782
195 1439
196 1392
197 1393
198 4543
199 3985
200 3992
201 4049
202 4360
203 3297
204 4383
205 3159
206 3303
207 3168
208 4046
209 1900
210 4539
211 4780
212 3399
213 3065
214 4468
215 4567
216 3412
217 1389
218 1889
219 1905
220 1458
221 2240
222 2147
223 2136
224 2131
225 2139
226 2979
227 3042
228 2970
229 2969
230 2309
231 1421
232 1419
233 1424
234 3435
235 1906
236 1400
237 1888
238 1867
239 1888
240 1906
241 1867
242 1698
243 1427
244 1426
245 1378
246 4548
247 4549
248 1440
249 1180
250 1706
251 1063
252 1317
253 1100
254 1103
255 1123
256 1076
257 435
258 616
259 440
260 441
261 1162
262 4040
263 1161
264 2047
265 1137
266 1259
267 1529
268 1530
269 1603
270 1543
271 4720
272 4739
273 4584
274 1909
275 1451
276 515
277 1481
278 1918
279 1917
280 1255
281 1449
282 1071
283 533
284 1048
285 674
286 627
287 4592
288 1962
289 1833
290 1711
291 4618
292 4622
293 1070
294 1756
295 669
296 693
297 689
298 1050
299 687
300 513
301 508
302 1529
303 1532
304 1543
305 1672
306 4619
307 4623
308 4622
309 1838
310 4740
311 4720
312 4684
313 4678
314 4677
315 4683
316 4683
317 4684
318 4739
319 4738
320 4738
321 4667
322 1545
323 1953
324 4750
325 4623
326 1699
327 1505
328 1699
329 1293
330 1212
331 1750
332 1061
333 1054
334 1068
335 4581
336 675
337 681
338 680
339 1114
340 1169
341 1077
342 3684
343 1477
344 1914
345 1225
346 1218
347 1204
348 1206
349 1298
350 1301
351 1338
352 1238
353 459
354 1860
355 1922
356 2058
357 1479
358 1752
359 1159
360 1915
361 1955
362 1086
363 1453
364 1993
365 4078
366 1940
367 1977
368 2053
369 4044
370 1697
371 1924
372 2067
373 1179
374 1186
375 4577
376 2038
377 3978
378 4571
379 3802
380 730
381 1095
382 1087
383 473
384 3462
385 1024
386 1192
387 1196
388 1195
389 1066
390 1178
391 1538
392 1834
393 1522
394 3800
395 3808
396 3978
397 1972
398 1086
399 1434
400 4044
401 2019
402 4720
403 4736
404 4736
405 4673
406 4672
407 4623
408 4623
409 1562
410 1555
411 1250
412 1478
413 1321
414 1320
415 4750
416 3875
417 1329
418 4041
419 1432
420 1466
421 3987
422 3823
423 1274
424 3757
425 1286
426 3949
427 3885
428 3981
429 1919
430 3745
431 3777
432 3843
433 2011
434 3734
435 2021
436 3903
437 1469
438 1910
439 1932
440 1452
441 666
442 632
443 539
444 527
445 525
446 1127
447 1937
448 1176
449 1199
450 1313
451 1316
452 1079
453 1078
454 1960
455 1932
456 1441
457 1909
458 1860
459 1860
460 1502
461 1860
462 1706
463 1080
464 1081
465 1326
466 3674
467 3676
