0 135 210 214
1 136 135 138
2 138 172 135
3 214 192 135
4 172 136 58
5 172 58 215
6 136 150 135
7 172 136 150
8 150 136 169
9 136 172 150
10 169 150 210
11 169 210 135
12 58 172 132
13 58 172 132
14 172 58 136
15 58 172 132
16 58 132 172
17 58 172 132
18 58 132 172
19 58 172 215
20 138 192 213
21 192 214 212
22 203 206 129
23 203 36 101
24 203 36 101
25 203 129 206
26 147 123 213
27 119 120 101
28 147 213 187
29 132 177 58
30 132 177 137
31 206 203 205
32 132 93 177
33 206 216 203
34 120 119 231
35 129 142 100
36 132 93 137
37 93 132 234
38 93 132 234
39 132 93 137
40 93 132 234
41 120 232 231
42 129 142 100
43 418 262 400
44 431 395 378
45 378 379 395
46 378 400 379
47 395 431 378
48 379 378 394
49 421 313 418
50 418 262 400
51 378 400 377
52 400 378 377
53 200 18 152
54 152 377 148
55 379 378 400
56 378 379 400
57 379 378 365
58 434 432 416
59 416 434 432
60 416 433 367
61 367 416 364
62 288 435 397
63 397 288 435
64 364 430 434
65 365 364 367
66 397 365 288
67 288 397 361
68 288 397 361
69 397 365 379
70 397 288 365
71 365 364 379
72 288 361 397
73 288 397 361
74 288 361 397
75 361 288 323
76 430 394 364
77 433 376 416
78 288 361 401
79 376 433 411
80 361 401 366
81 427 411 436
82 425 426 423
83 376 352 411
84 361 401 366
85 348 330 349
86 361 323 366
87 349 348 451
88 366 323 361
89 423 266 330
90 358 371 329
91 423 266 330
92 361 323 454
93 361 323 288
94 323 361 454
95 361 288 323
96 361 288 323
97 361 323 288
98 361 288 323
99 358 371 355
100 358 355 371
101 452 453 350
102 452 349 350
103 382 362 463
104 382 362 452
105 358 371 329
106 349 452 451
107 323 366 361
108 323 361 454
109 323 361 454
110 323 361 454
111 361 323 288
112 361 323 288
113 323 361 454
114 361 323 288
115 132 93 323
116 132 361 93
117 362 463 133
118 361 288 323
119 361 288 323
120 361 288 323
121 361 323 288
122 361 323 288
123 361 288 323
124 361 288 323
125 453 452 233
126 232 233 121
127 133 155 112
128 232 120 121
129 155 133 112
130 129 142 126
131 129 126 47
132 358 355 277
133 93 132 234
134 132 93 58
135 132 93 58
136 93 132 234
137 132 58 93
138 132 58 93
139 132 93 58
140 132 58 93
141 394 395 431
142 394 430 379
143 379 365 394
144 379 378 394
145 365 379 397
146 379 365 378
147 397 365 288
148 397 365 288
149 379 365 378
150 397 365 379
151 397 365 379
152 397 288 365
153 397 288 365
154 365 397 379
155 397 288 365
156 288 397 361
157 288 397 361
158 288 397 361
159 397 288 365
160 397 288 365
161 397 288 365
162 288 397 365
163 288 397 361
164 288 397 361
165 365 397 379
166 288 397 361
167 288 361 397
168 288 361 397
169 361 288 323
170 288 361 397
171 170 149 211
172 150 149 169
173 150 149 169
174 169 170 150
175 136 150 149
176 136 150 172
177 149 150 170
178 150 136 149
179 149 150 176
180 150 149 136
181 176 194 32
182 149 176 148
183 176 194 32
184 150 149 136
185 136 172 150
186 172 136 150
187 149 150 176
188 136 150 172
189 172 58 136
190 172 58 136
191 172 58 136
192 172 136 150
193 176 149 148
194 201 148 83
195 149 378 150
196 170 149 211
197 172 136 58
198 172 136 58
199 172 58 136
200 172 58 136
201 172 58 136
202 58 172 132
203 58 172 132
204 58 172 132
205 58 132 172
206 58 172 132
207 58 132 172
208 58 132 172
209 58 172 136
210 58 132 172
211 58 172 132
212 58 132 172
213 172 58 136
214 150 136 379
215 172 397 136
216 58 172 132
217 58 172 288
218 58 172 132
219 58 132 172
220 58 132 172
221 58 288 132
222 288 397 361
223 397 288 365
224 288 361 397
225 132 361 58
226 288 361 397
227 288 397 361
228 288 361 397
229 365 379 397
230 361 323 288
231 288 361 397
232 132 93 58
233 132 93 58
234 132 93 58
235 132 58 93
236 132 58 93
237 132 58 93
238 132 93 58
239 132 58 93
240 132 58 93
241 132 58 93
242 132 58 93
243 132 93 58
244 132 93 58
245 58 132 177
246 213 147 215
247 187 207 192
248 98 129 75
249 327 305 290
250 358 327 423
251 327 358 305
252 327 391 460
253 415 310 324
254 310 415 311
255 358 423 327
256 327 391 423
257 415 324 308
258 415 324 310
259 423 358 327
260 322 391 423
261 308 292 415
262 415 308 292
263 423 426 436
264 423 426 358
265 308 292 306
266 308 306 292
267 308 292 306
268 291 306 308
269 291 306 292
270 291 306 308
271 426 436 423
272 291 306 292
273 291 306 292
274 291 306 292
275 436 291 426
276 291 306 287
277 291 306 287
278 291 306 287
279 291 287 306
280 291 287 306
281 291 287 306
282 287 291 432
283 291 287 306
284 291 287 306
285 291 287 306
286 287 291 432
287 291 287 306
288 291 287 306
289 291 287 306
290 291 287 432
291 291 287 306
292 291 306 287
293 291 287 306
294 422 291 287
295 422 273 291
296 291 306 273
297 291 306 292
298 291 306 292
299 424 273 335
300 422 273 424
301 291 306 292
302 291 306 292
303 291 306 292
304 306 291 292
305 308 292 306
306 306 308 292
307 335 424 273
308 308 292 324
309 324 415 308
310 308 292 324
311 406 335 418
312 324 415 308
313 415 324 310
314 415 324 308
315 311 402 310
316 311 312 317
317 311 402 310
318 313 18 406
319 313 406 418
320 324 318 415
321 310 311 402
322 310 415 324
323 18 313 83
324 18 14 317
325 13 312 14
326 18 83 182
327 18 81 178
328 82 81 13
329 81 82 178
330 81 80 178
331 95 80 191
332 83 182 18
333 80 81 191
334 95 191 78
335 191 80 95
336 182 106 194
337 191 95 80
338 95 78 62
339 191 95 78
340 106 204 43
341 78 191 95
342 204 43 106
343 76 78 62
344 78 62 76
345 78 62 76
346 202 43 204
347 61 76 62
348 76 61 78
349 61 76 62
350 61 76 62
351 61 76 62
352 202 43 61
353 61 76 62
354 61 76 57
355 202 61 210
356 61 76 62
357 61 76 57
358 61 57 212
359 61 57 76
360 61 76 57
361 61 76 57
362 61 57 76
363 61 57 76
364 61 57 212
365 61 57 76
366 61 216 57
367 61 57 76
368 61 57 76
369 61 76 57
370 61 76 57
371 327 393 326
372 311 310 402
373 311 310 312
374 164 393 326
375 312 311 13
376 13 312 82
377 82 13 81
378 98 164 167
379 81 82 80
380 81 80 178
381 129 98 203
382 98 165 240
383 80 81 191
384 80 191 95
385 203 129 98
386 129 203 98
387 98 165 191
388 191 80 95
389 191 95 78
390 165 191 92
391 191 78 95
392 78 191 62
393 78 62 76
394 78 62 76
395 78 62 76
396 61 76 57
397 61 76 57
398 61 76 62
399 61 76 62
400 61 76 62
401 61 76 78
402 61 76 78
403 61 76 62
404 61 76 78
405 398 362 384
406 398 362 382
407 398 362 382
408 398 362 382
409 398 362 382
410 398 362 382
411 398 362 382
412 398 362 382
413 398 362 382
414 286 384 385
415 384 398 286
416 384 398 286
417 384 286 385
418 398 362 382
419 398 362 384
420 384 398 286
421 384 286 385
422 258 442 385
423 286 258 385
424 286 385 258
425 258 385 442
426 286 384 398
427 286 384 385
428 286 385 384
429 258 385 386
430 443 257 259
431 257 258 442
432 257 258 442
433 257 443 259
434 257 386 258
436 444 445 260
437 444 259 443
438 259 444 443
439 444 445 260
442 445 342 276
443 445 260 276
444 445 260 467
445 445 342 467
446 445 260 467
447 342 467 445
448 353 342 300
449 342 353 276
450 342 353 276
451 353 342 276
452 445 276 342
453 445 342 276
454 342 353 445
455 353 342 467
456 300 353 383
457 300 276 353
458 353 276 300
460 276 300 445
461 276 445 342
462 383 353 300
463 383 353 300
464 353 383 300
465 383 353 300
466 353 383 342
467 353 383 342
468 383 368 301
469 383 301 368
470 383 301 353
471 383 368 353
472 383 301 300
474 383 353 301
475 383 353 265
476 383 372 368
477 383 368 372
478 383 265 368
479 383 372 265
480 383 265 353
481 383 265 372
482 368 301 383
483 368 301 383
484 301 368 383
485 368 383 301
486 301 368 383
487 301 383 368
488 368 372 264
489 368 383 372
490 368 383 372
491 368 372 383
492 383 353 265
493 383 353 265
494 383 353 342
495 383 353 446
496 353 383 342
497 353 383 446
498 353 383 342
499 353 342 383
500 353 383 342
501 353 383 342
502 353 342 383
503 353 342 383
504 383 301 300
505 383 300 353
506 300 301 383
507 300 383 353
509 301 383 300
510 301 300 298
511 301 300 383
512 300 276 353
514 300 276 293
516 300 298 276
517 300 293 298
518 298 300 301
519 298 293 300
520 445 276 260
521 445 260 276
522 444 445 260
523 444 445 260
524 276 445 283
526 444 283 445
528 443 257 282
529 444 443 282
530 444 282 443
531 443 282 257
532 283 444 293
534 282 283 334
535 282 443 334
536 276 283 293
537 293 283 276
538 444 443 259
540 443 257 259
541 444 259 443
542 444 259 443
543 443 257 259
544 342 353 467
545 342 353 467
546 342 467 445
547 342 467 353
548 342 467 445
549 342 467 353
550 467 342 445
551 467 342 445
552 342 467 263
553 342 467 359
554 353 342 467
555 353 342 359
556 342 353 467
557 342 353 359
558 353 342 446
559 353 342 446
560 342 353 359
561 342 353 359
562 353 446 383
563 353 383 446
564 353 342 446
565 353 342 446
566 342 353 359
567 342 353 359
568 342 353 359
569 342 359 353
570 342 353 359
571 342 353 359
572 342 359 353
573 342 359 353
574 342 353 359
575 342 353 359
576 342 353 359
577 342 353 359
578 342 353 467
579 342 353 467
580 342 353 467
581 342 353 359
582 342 467 353
583 342 353 467
584 342 353 467
585 353 342 359
586 342 467 445
587 445 342 467
588 445 276 342
589 342 445 276
590 445 260 467
591 260 259 445
592 260 259 445
593 445 260 467
594 259 444 387
595 257 259 386
596 259 257 386
597 259 387 444
598 386 257 258
599 385 258 386
600 385 258 386
601 386 257 258
602 385 286 384
603 385 286 384
604 259 444 260
605 444 260 259
606 257 259 443
607 443 257 259
608 444 259 443
609 444 445 259
610 257 386 258
611 258 385 386
612 258 385 442
613 257 258 442
614 442 257 443
615 257 442 258
617 258 442 385
618 286 258 442
619 286 258 385
620 286 384 441
621 286 384 398
622 442 258 286
623 286 442 258
624 286 258 442
625 442 258 286
626 286 441 384
628 442 443 257
629 442 443 257
630 442 258 286
631 442 443 295
633 441 286 442
634 442 441 286
635 442 441 258
636 441 286 442
637 442 295 258
638 295 442 296
639 442 441 295
640 441 286 285
641 286 441 258
642 441 286 414
643 286 414 441
644 441 286 414
645 414 413 441
646 414 413 441
647 414 398 413
648 442 286 258
649 286 414 398
650 414 398 362
651 414 398 362
652 286 414 398
653 414 413 362
654 414 362 398
655 414 413 463
656 414 463 413
657 414 463 362
658 414 362 463
659 413 414 463
660 413 414 463
661 413 441 414
662 413 441 414
663 413 414 441
664 413 414 463
665 441 286 413
667 295 336 285
668 441 285 336
670 337 296 336
671 336 285 295
672 285 336 441
673 285 336 9
676 336 9 337
677 337 336 296
678 337 151 336
679 338 337 299
682 337 299 338
683 338 337 10
684 337 151 338
685 299 334 296
686 299 297 333
688 299 296 295
690 299 297 338
691 282 334 296
692 334 299 282
694 295 296 282
695 295 442 443
696 282 334 443
697 442 443 257
698 286 398 414
699 414 398 362
700 398 414 362
701 286 398 384
702 414 362 398
703 398 362 414
704 362 398 414
705 362 398 382
706 362 398 382
707 398 362 414
708 362 398 382
709 362 398 382
710 362 382 398
711 362 382 398
712 382 362 398
713 362 398 382
714 382 362 398
715 382 362 398
716 382 381 398
717 381 382 398
718 381 382 384
719 382 398 362
720 380 381 382
721 380 381 384
722 380 374 381
723 374 380 373
724 374 380 385
725 380 381 384
726 382 381 362
727 381 380 382
728 381 380 382
729 382 381 362
731 380 374 253
732 362 382 463
733 382 362 398
734 382 362 398
735 362 382 398
736 398 362 382
737 398 362 382
738 398 382 362
739 398 382 362
740 398 362 382
741 398 362 382
742 398 382 384
743 384 381 398
744 384 385 398
745 384 398 382
746 362 463 382
747 362 382 398
748 362 414 398
749 414 362 398
750 384 398 286
751 398 362 414
752 398 362 382
753 398 362 382
754 398 362 382
755 398 362 382
756 384 286 398
757 286 384 385
758 398 384 362
759 384 398 286
760 384 286 398
761 286 384 385
762 384 286 398
763 384 286 398
764 384 398 286
765 384 398 286
766 398 384 362
767 398 384 362
768 398 384 382
769 398 384 382
770 286 384 258
771 286 384 385
772 286 384 398
773 286 384 258
774 286 384 398
775 286 384 398
776 286 384 398
777 286 384 258
778 286 384 398
779 286 384 385
780 286 258 385
781 286 258 385
782 258 442 385
783 286 258 442
784 442 258 257
785 443 257 444
786 443 442 257
787 443 442 257
788 443 444 257
789 442 258 286
790 442 258 286
791 443 442 257
792 443 444 259
793 444 283 445
794 444 443 259
795 444 443 283
796 293 283 444
797 444 293 283
798 298 293 283
799 276 300 445
800 445 283 276
801 293 298 300
802 300 276 298
803 298 300 293
804 298 300 276
805 300 276 353
806 300 276 445
807 300 276 298
808 300 276 353
809 300 298 301
810 300 301 383
811 353 383 342
812 353 300 342
813 300 353 383
814 383 353 300
815 301 300 383
816 383 301 300
817 276 445 342
818 342 353 300
819 445 276 300
820 353 342 300
821 353 342 383
822 301 300 298
823 301 300 383
824 298 301 300
825 301 298 300
826 301 298 300
827 301 300 383
828 298 300 301
829 298 293 300
830 298 301 300
831 298 301 300
832 445 444 260
833 445 444 276
834 444 445 259
835 444 443 259
836 443 257 259
837 298 333 293
838 443 444 259
839 298 443 259
840 298 333 293
841 298 301 284
842 298 301 284
843 298 259 386
844 298 386 259
845 301 298 284
846 301 298 284
847 301 263 359
848 301 284 298
849 263 359 386
850 263 359 466
851 263 359 301
852 301 263 359
853 286 385 386
854 286 385 386
855 286 385 258
856 286 384 385
857 286 384 385
858 385 384 286
859 442 258 443
860 258 386 286
861 286 258 442
862 286 258 385
863 442 443 258
864 442 258 286
865 286 258 442
866 286 258 442
867 286 384 258
868 286 384 385
869 286 258 385
870 286 258 442
871 442 257 443
872 385 286 258
873 286 384 398
874 286 384 398
875 286 384 398
876 286 384 398
877 286 384 398
878 286 384 385
879 286 384 398
880 286 384 398
881 286 384 398
882 286 384 385
883 286 384 398
884 286 384 385
885 286 384 385
886 286 258 385
887 398 382 362
888 384 398 286
889 398 384 362
890 398 362 382
891 398 384 362
892 398 362 382
893 263 359 466
894 263 359 466
895 263 384 385
896 263 382 384
897 359 263 446
898 359 263 301
899 263 359 466
900 263 359 466
901 368 383 359
902 368 301 383
903 301 368 359
904 359 368 263
905 301 368 383
906 301 368 383
907 359 263 446
908 359 263 446
909 359 263 446
910 359 446 263
911 446 359 265
912 368 446 359
913 368 383 301
914 368 301 383
915 368 301 383
916 368 383 301
917 301 368 383
918 301 368 383
919 368 446 265
920 446 265 359
921 265 368 446
922 368 383 265
923 263 359 466
924 263 359 446
925 263 359 249
926 263 359 446
927 382 362 398
928 382 263 362
929 263 382 359
930 382 362 398
931 263 359 249
932 263 359 249
933 263 382 359
934 382 362 398
935 382 362 398
936 263 382 359
937 263 359 249
938 263 359 446
939 359 263 446
940 359 263 446
941 382 362 398
942 382 362 398
943 382 362 398
944 382 362 398
945 398 362 382
946 362 382 398
947 362 382 398
948 398 362 382
949 382 362 398
950 382 362 398
951 398 362 384
952 398 362 384
953 398 362 382
954 398 362 382
955 398 362 384
956 382 362 398
957 362 382 398
958 382 362 398
959 382 362 398
960 398 384 382
961 382 398 384
962 382 398 362
963 398 382 362
964 382 398 362
965 382 362 398
966 384 398 382
967 398 384 362
968 398 362 384
969 382 362 398
970 382 362 398
971 382 362 398
972 382 362 398
973 382 362 398
974 382 362 381
975 382 362 398
976 382 362 398
977 382 362 381
978 382 362 381
979 382 362 398
980 382 362 398
981 384 398 382
982 398 384 382
983 398 384 382
984 398 384 382
985 398 384 382
986 398 384 382
987 398 382 384
988 398 384 382
989 398 362 382
990 398 362 384
991 398 382 362
992 398 384 362
993 398 382 362
994 398 382 362
995 398 382 362
996 398 382 362
997 398 382 384
998 398 382 384
999 398 382 384
1000 398 382 384
1001 398 384 382
1002 382 398 384
1003 398 382 362
1004 398 382 362
1005 398 382 384
1006 398 384 382
1007 398 362 382
1008 398 382 362
1009 384 398 382
1010 384 398 382
1011 384 385 398
1012 384 385 398
1013 384 382 381
1014 384 398 382
1015 385 384 386
1016 385 384 386
1017 386 385 387
1018 385 386 380
1019 380 374 385
1020 384 381 385
1021 385 384 386
1022 385 384 386
1023 384 385 398
1025 386 385 387
1026 384 398 382
1027 382 398 384
1028 382 381 384
1029 382 381 398
1030 382 398 362
1031 382 362 398
1032 382 362 381
1033 382 362 398
1034 382 362 398
1035 382 381 362
1036 382 362 381
1037 382 362 398
1038 382 381 380
1039 382 381 362
1040 382 381 380
1041 382 381 362
1042 381 380 382
1043 381 382 380
1044 382 362 398
1045 381 382 380
1046 380 381 374
1047 298 332 284
1049 332 298 284
1051 293 298 333
1052 293 298 283
1053 333 298 332
1055 333 334 293
1056 293 334 283
1057 333 332 297
1058 333 297 299
1059 333 334 299
1060 297 333 299
1062 251 301 284
1064 251 368 301
1065 368 251 389
1067 334 333 282
1069 283 293 334
1072 298 284 301
1073 301 284 298
1074 301 251 368
1075 301 251 284
1082 465 464 357
1083 357 453 350
1084 350 452 453
1085 362 463 382
1088 382 362 341
1089 256 382 341
1090 382 381 256
1091 463 362 414
1092 362 463 414
1093 362 463 382
1094 382 362 341
1096 381 256 380
1097 381 380 256
1098 380 252 253
1099 380 374 252
1101 374 253 254
1102 254 449 373
1104 373 254 390
1105 374 373 253
1106 339 390 254
1107 390 339 249
1108 339 449 254
1109 448 339 255
1110 255 339 448
1111 255 249 339
1112 390 249 339
1113 373 390 254
1115 249 255 390
1116 390 249 373
1117 373 390 254
1118 255 359 263
1119 255 263 359
1120 446 359 261
1121 359 263 446
1122 359 263 255
1124 446 359 261
1125 446 359 263
1126 446 265 359
1128 446 359 263
1129 359 446 263
1130 446 265 359
1131 446 265 359
1132 265 446 383
1133 446 265 359
1134 446 265 359
1135 446 359 263
1136 265 446 261
1138 265 446 261
1139 446 265 261
1140 265 372 446
1141 265 446 372
1142 265 446 383
1143 265 446 383
1144 265 383 372
1145 265 383 446
1146 446 265 383
1147 446 265 353
1148 372 265 383
1149 265 372 383
1150 372 265 383
1151 265 372 383
1152 446 359 263
1153 359 446 263
1154 446 359 353
1155 446 359 342
1156 359 446 263
1157 359 263 446
1158 359 263 446
1160 359 263 446
1163 261 446 265
1164 446 261 265
1165 261 446 255
1166 261 448 255
1167 261 255 448
1168 340 346 261
1170 340 261 265
1171 261 448 340
1172 340 265 345
1173 265 340 261
1174 448 449 347
1175 448 346 261
1177 448 449 339
1181 249 466 263
1182 390 249 466
1183 373 390 388
1184 374 373 253
1185 374 373 254
1187 374 373 386
1188 386 373 374
1189 385 386 374
1190 373 387 390
1191 387 388 373
1193 388 390 466
1194 466 249 388
1197 263 249 359
1198 263 249 466
1200 449 450 254
1201 450 449 348
1202 449 448 347
1203 449 347 348
1205 348 450 449
1207 347 348 449
1208 347 346 280
1209 330 348 347
1210 280 347 330
1211 348 330 450
1213 330 348 266
1214 330 280 425
1215 346 448 347
1216 346 347 340
1217 346 340 345
1219 340 346 345
1220 345 340 346
1221 345 340 352
1222 340 345 265
1223 345 340 372
1224 372 340 265
1226 345 372 447
1227 372 345 265
1228 372 265 345
1229 345 352 340
1230 345 352 340
1231 352 345 376
1232 352 345 366
1233 447 345 366
1234 345 447 352
1235 352 345 340
1236 352 346 345
1237 352 376 345
1239 346 280 352
1240 280 347 346
1241 280 411 352
1242 352 280 376
1243 376 352 433
1244 352 376 411
1245 376 352 411
1246 376 411 352
1247 411 280 376
1248 411 376 433
1249 411 427 280
1251 411 280 427
1252 411 427 280
1253 280 411 425
1254 280 411 425
1256 280 425 330
1257 330 266 371
1258 330 266 425
1260 266 330 423
1261 425 266 426
1262 425 330 266
1263 266 423 358
1264 266 423 426
1265 423 266 358
1266 423 426 266
1267 426 423 425
1268 425 426 266
1269 426 423 436
1270 426 423 425
1271 423 426 266
1272 423 426 358
1273 423 358 266
1275 358 423 266
1276 423 358 266
1277 358 423 371
1278 358 423 371
1279 358 423 327
1280 423 358 327
1281 371 266 329
1282 358 371 266
1283 371 329 358
1284 358 371 423
1285 425 280 427
1287 425 427 426
1288 425 427 280
1289 426 425 436
1290 425 427 426
1291 425 426 423
1292 426 425 423
1294 329 371 349
1295 329 371 266
1296 329 330 348
1297 349 451 348
1299 349 350 329
1300 349 329 451
1302 277 350 355
1303 329 349 277
1304 348 450 349
1305 348 349 330
1306 329 277 355
1307 355 371 329
1308 277 355 350
1309 355 277 437
1310 451 252 450
1311 451 349 450
1312 450 348 451
1314 450 253 374
1315 252 451 380
1318 256 252 451
1319 463 362 414
1322 464 413 463
1323 413 417 464
1324 464 465 413
1325 465 417 464
1327 417 413 465
1328 417 413 168
1330 465 351 412
1331 6 351 168
1332 351 6 417
1333 417 168 351
1335 417 168 8
1336 168 417 193
1339 351 6 197
1340 351 419 412
1341 412 399 351
1342 412 351 465
1343 122 6 168
1345 122 245 188
1346 122 188 245
1347 188 122 174
1348 122 196 6
1349 168 193 122
1350 168 193 417
1351 193 168 189
1354 8 168 193
1355 168 193 8
1356 168 8 417
1357 8 193 55
1358 193 168 8
1360 9 8 55
1361 8 9 55
1362 8 9 285
1363 9 55 107
1364 8 55 9
1365 8 9 285
1366 9 8 285
1367 8 417 285
1368 417 285 8
1369 285 8 9
1370 417 168 8
1371 417 413 168
1372 189 193 244
1373 193 189 245
1374 193 189 168
1375 189 193 221
1376 193 189 55
1377 189 221 193
1379 245 188 244
1380 245 193 244
1381 244 245 189
1382 128 114 188
1385 188 114 174
1386 174 217 188
1387 174 196 188
1388 217 114 174
1391 174 196 236
1394 196 197 174
1395 419 197 196
1396 217 198 174
1397 174 217 236
1398 198 217 209
1399 236 198 174
1401 236 174 3
1403 126 209 217
1404 126 217 209
1405 126 209 47
1406 217 126 47
1407 126 47 217
1409 47 126 121
1410 47 114 217
1411 114 47 128
1412 121 232 233
1414 128 114 121
1417 232 26 231
1418 232 231 120
1420 231 22 120
1423 120 121 232
1428 120 100 231
1429 120 121 47
1431 47 100 121
1433 419 399 456
1435 399 419 412
1436 456 248 419
1437 456 399 419
1438 248 195 419
1442 248 195 3
1443 248 456 363
1444 281 248 195
1445 363 281 248
1446 456 363 360
1447 456 248 420
1454 51 3 134
1456 236 134 3
1461 3 236 195
1462 236 3 134
1463 420 437 429
1464 420 456 437
1465 420 456 360
1467 420 360 456
1468 420 429 360
1470 437 399 456
1471 437 399 420
1472 437 420 355
1473 3 196 236
1474 399 437 343
1475 412 343 399
1476 437 343 277
1480 357 350 343
1482 277 343 355
1483 355 437 277
1484 413 417 441
1485 417 413 441
1486 413 441 285
1487 285 413 417
1488 285 441 413
1489 285 441 336
1490 441 285 413
1491 441 413 414
1492 413 414 441
1493 327 358 460
1494 358 327 460
1495 358 327 460
1496 327 358 460
1497 358 423 327
1498 358 327 331
1499 358 327 331
1500 358 327 460
1501 305 327 460
1503 327 460 305
1504 305 327 460
1506 327 460 305
1507 327 305 460
1508 305 460 290
1509 393 326 327
1510 327 393 460
1511 327 460 305
1512 393 327 326
1513 327 391 460
1514 327 460 391
1515 393 326 164
1516 393 326 328
1517 393 326 328
1518 326 393 328
1519 326 328 290
1520 326 328 290
1521 393 267 164
1523 393 326 328
1524 393 164 326
1525 393 267 269
1526 393 326 328
1527 267 302 393
1528 269 267 303
1531 311 312 317
1533 391 393 269
1534 391 393 327
1535 391 269 327
1536 391 327 393
1537 391 322 270
1539 391 270 304
1540 270 415 304
1541 269 391 310
1542 310 272 318
1544 415 324 407
1546 322 391 270
1547 391 322 327
1548 322 409 408
1549 322 391 409
1550 322 391 426
1551 391 322 327
1552 391 327 322
1553 409 322 308
1554 322 410 409
1556 410 322 306
1557 410 322 426
1558 322 410 426
1559 308 292 306
1560 306 291 292
1561 308 409 292
1563 308 292 306
1564 306 291 292
1565 291 306 410
1566 410 291 306
1567 291 306 292
1568 410 291 306
1569 410 291 436
1570 410 291 322
1571 291 306 292
1572 291 306 292
1573 291 306 292
1574 291 306 292
1575 391 423 322
1576 391 327 423
1577 322 423 391
1578 423 426 322
1579 423 327 391
1580 327 423 391
1581 322 426 423
1582 426 322 410
1583 426 322 423
1584 426 423 322
1585 415 408 407
1586 415 324 308
1587 415 308 324
1588 308 292 306
1589 415 324 407
1590 415 324 308
1591 308 415 292
1592 308 292 306
1593 415 310 324
1594 310 318 272
1595 310 415 324
1596 415 324 310
1597 391 327 322
1598 391 327 460
1599 327 391 460
1600 327 460 391
1601 327 358 460
1602 327 358 423
1604 311 310 402
1605 311 402 312
1606 311 402 310
1607 312 311 317
1608 311 312 317
1609 311 402 310
1610 311 310 402
1611 312 13 317
1612 312 317 13
1614 13 14 312
1615 13 312 14
1616 312 317 13
1617 164 0 393
1619 0 11 37
1621 167 164 37
1624 13 82 14
1625 393 164 267
1626 267 302 0
1627 13 82 14
1628 82 87 13
1629 82 81 87
1630 13 82 14
1631 311 310 402
1632 310 311 318
1633 311 312 402
1634 312 311 317
1635 13 312 14
1636 310 311 402
1637 310 318 311
1638 393 164 326
1639 164 393 2
1640 164 393 326
1641 164 393 2
1642 164 2 326
1643 164 2 97
1644 164 167 2
1645 164 2 326
1646 164 2 97
1647 97 164 99
1648 164 97 167
1649 164 167 97
1650 164 2 326
1651 164 2 97
1652 2 326 164
1653 2 164 97
1654 97 99 60
1655 97 99 2
1656 2 326 328
1657 2 97 99
1658 2 97 164
1659 2 326 328
1660 99 97 60
1661 97 99 60
1662 326 328 290
1663 328 326 290
1664 326 328 290
1665 328 326 290
1666 328 290 326
1667 290 328 326
1668 326 164 328
1669 326 328 290
1670 326 328 290
1671 305 290 460
1673 290 305 328
1674 305 290 460
1675 290 328 305
1676 328 290 326
1678 2 99 97
1679 2 97 99
1680 2 141 370
1681 2 326 328
1683 60 99 97
1684 60 99 97
1685 60 99 97
1687 60 99 75
1688 60 99 97
1689 60 20 99
1690 60 99 20
1691 60 20 99
1692 20 242 60
1693 141 242 20
1695 370 462 2
1696 141 2 94
1700 2 328 326
1701 328 2 326
1702 290 328 326
1703 462 250 370
1704 250 462 290
1705 250 462 370
1707 290 328 250
1708 290 250 328
1709 290 328 250
1710 290 328 305
1712 290 328 305
1713 290 328 326
1714 290 328 305
1715 290 328 305
1716 290 305 328
1717 97 99 60
1718 97 99 60
1719 99 97 60
1720 75 60 99
1721 75 99 60
1722 97 99 75
1723 97 167 99
1724 167 97 164
1725 167 97 99
1726 167 97 99
1727 98 240 75
1728 98 75 240
1729 75 98 240
1730 98 129 240
1731 75 60 99
1732 75 60 99
1733 75 98 240
1734 98 129 75
1735 60 99 97
1736 60 99 97
1737 98 75 240
1738 98 240 75
1739 98 240 75
1741 164 326 393
1742 164 167 2
1743 164 167 97
1744 327 305 460
1745 305 327 460
1746 358 371 423
1747 358 423 371
1748 358 371 423
1749 358 371 423
1751 358 331 327
1753 429 331 358
1754 358 371 429
1755 429 355 371
1757 358 331 327
1758 331 289 429
1759 358 331 327
1760 358 331 429
1761 358 327 305
1762 429 289 305
1763 429 305 289
1764 429 358 331
1765 358 429 305
1766 429 358 331
1767 429 358 305
1768 429 305 289
1769 429 420 305
1770 429 305 355
1771 429 355 358
1772 305 327 460
1773 305 290 460
1774 305 358 327
1775 305 290 289
1776 290 305 328
1777 305 290 328
1778 305 290 289
1779 290 305 328
1780 305 290 289
1781 305 429 290
1782 305 290 289
1783 290 305 328
1784 305 290 289
1785 290 305 328
1786 429 305 420
1787 429 420 305
1788 305 429 420
1789 290 305 289
1790 290 328 305
1791 290 305 328
1792 290 305 328
1793 290 305 328
1794 290 305 289
1795 290 305 289
1796 290 328 305
1797 290 328 305
1798 290 305 328
1799 290 305 328
1800 290 305 289
1801 290 305 289
1802 290 328 305
1803 290 328 305
1804 290 328 305
1805 290 328 250
1806 420 429 305
1807 420 290 305
1808 420 429 305
1809 429 420 305
1810 429 305 358
1811 429 420 355
1812 429 355 420
1813 429 420 355
1814 429 420 355
1815 305 429 358
1816 429 420 355
1817 429 420 305
1818 429 420 305
1819 429 420 355
1820 429 289 305
1821 429 420 305
1822 305 289 392
1823 305 289 420
1824 420 429 305
1825 429 420 305
1826 289 305 392
1827 289 305 392
1828 392 289 305
1829 392 289 305
1830 429 420 305
1831 429 420 305
1832 289 392 305
1835 392 289 305
1836 309 392 290
1837 392 290 289
1839 290 250 309
1840 290 392 328
1841 290 392 289
1842 250 290 462
1843 290 250 328
1844 250 462 309
1845 290 392 305
1846 290 392 305
1847 290 392 305
1848 290 392 305
1849 290 305 392
1850 290 305 392
1851 290 305 420
1852 420 305 289
1853 420 429 305
1854 420 429 305
1855 290 420 305
1856 290 305 289
1857 290 305 328
1858 290 305 392
1859 290 328 250
1861 250 462 370
1863 370 250 462
1865 20 242 141
1866 20 141 242
1868 60 20 99
1869 60 20 242
1870 20 242 60
1871 20 60 242
1872 166 60 59
1873 60 166 75
1874 60 20 166
1875 20 79 60
1876 60 75 59
1877 60 20 99
1878 60 20 99
1879 60 20 99
1880 60 20 99
1881 60 20 99
1882 60 20 99
1883 60 20 99
1884 60 75 59
1885 60 75 99
1886 60 75 59
1887 60 75 59
1891 131 198 166
1892 166 59 131
1896 209 102 129
1898 198 209 131
1899 209 198 49
1901 131 198 134
1902 198 236 131
1903 75 59 209
1911 309 360 344
1912 392 360 289
1913 360 420 392
1916 420 360 429
1920 429 355 371
1921 429 355 420
1923 355 429 437
1925 371 358 355
1926 371 358 355
1927 371 355 429
1928 355 277 429
1929 355 437 429
1930 371 355 329
1931 371 358 355
1933 358 371 355
1934 447 345 264
1935 264 345 372
1936 447 366 345
1938 447 264 366
1939 264 447 372
1941 366 447 323
1942 366 447 323
1943 366 447 401
1944 323 366 454
1945 366 454 447
1946 447 454 366
1947 447 366 264
1948 401 366 361
1949 361 401 366
1950 366 401 323
1951 366 401 361
1952 361 323 401
1954 401 361 288
1956 361 401 323
1957 401 361 435
1958 288 361 435
1959 454 323 447
1961 435 288 397
1963 288 435 401
1964 435 288 401
1965 401 435 288
1966 435 401 288
1967 288 397 435
1968 365 397 367
1969 397 365 367
1970 365 397 367
1971 397 367 435
1973 397 288 435
1974 367 397 364
1975 367 397 435
1976 367 435 397
1978 367 435 397
1979 435 367 397
1980 367 435 433
1981 367 435 416
1982 367 397 365
1983 367 364 365
1984 365 367 364
1985 367 364 365
1986 367 364 416
1987 364 367 365
1988 364 365 367
1989 364 367 434
1990 364 367 434
1991 364 367 365
1992 364 367 416
1994 364 365 367
1995 416 434 364
1996 416 364 434
1997 367 416 364
1998 416 367 364
1999 367 416 364
2000 416 367 433
2001 367 416 364
2002 367 416 433
2003 397 367 365
2004 435 367 433
2005 435 367 433
2006 435 433 401
2007 435 433 367
2008 433 435 416
2009 433 367 435
2010 433 435 376
2012 435 433 401
2013 401 376 433
2014 433 376 401
2015 433 376 416
2016 435 401 433
2017 401 435 433
2018 401 435 433
2020 401 435 376
2022 435 288 397
2023 397 435 288
2024 401 435 361
2025 401 366 435
2026 366 401 352
2027 401 366 376
2028 366 401 447
2029 366 401 447
2030 401 376 366
2031 376 401 433
2032 366 376 352
2033 376 352 401
2034 352 366 376
2035 352 376 345
2036 366 447 352
2037 376 433 352
2039 376 352 433
2040 352 376 345
2041 366 447 401
2042 447 264 366
2043 264 447 356
2044 447 356 264
2045 264 356 447
2046 264 368 389
2048 264 368 389
2049 264 389 368
2050 264 356 389
2051 389 264 356
2052 368 264 372
2054 368 264 389
2055 368 251 301
2056 389 368 264
2057 356 454 447
2059 372 264 265
2060 372 264 368
2061 264 368 372
2062 372 368 264
2063 372 368 265
2064 372 265 383
2065 372 383 265
2066 372 345 264
2068 372 265 383
2069 372 265 340
2070 173 133 190
2071 173 133 190
2072 173 133 190
2073 173 133 190
2074 173 133 190
2075 173 133 155
2076 173 133 155
2077 173 133 155
2078 173 133 155
2079 56 157 173
2080 56 157 173
2081 173 190 157
2082 190 173 56
2083 56 157 173
2084 173 157 190
2085 173 190 133
2086 190 173 133
2087 56 157 221
2088 56 157 190
2089 190 173 56
2090 190 56 173
2091 190 173 133
2092 190 173 133
2093 222 28 56
2094 222 28 56
2095 56 28 221
2096 56 221 28
2097 28 222 56
2099 56 221 157
2100 56 221 157
2101 222 28 56
2102 222 223 28
2103 222 28 223
2104 222 28 65
2105 222 65 223
2106 223 52 222
2107 223 52 222
2108 223 27 222
2109 222 65 28
2110 65 222 66
2111 65 222 66
2113 52 105 66
2114 52 223 105
2116 69 66 105
2117 65 66 107
2118 108 107 66
2119 69 66 108
2122 52 105 223
2124 105 63 104
2125 53 63 105
2127 223 52 224
2128 223 224 52
2129 53 224 63
2130 224 53 225
2132 223 224 29
2133 224 225 29
2134 224 223 29
2135 223 27 222
2137 46 70 225
2138 46 225 113
2140 225 46 53
2141 225 46 113
2142 225 224 30
2143 63 53 46
2144 53 46 63
2145 70 46 63
2148 222 28 27
2149 223 27 29
2150 222 28 27
2151 223 27 29
2152 222 28 27
2153 28 222 56
2154 28 222 56
2155 224 29 225
2156 29 224 223
2157 224 29 225
2158 29 224 223
2159 68 63 70
2160 63 68 53
2161 104 68 63
2163 104 105 63
2165 104 103 68
2166 68 103 104
2167 68 54 71
2168 68 70 71
2170 71 54 68
2171 71 70 68
2172 104 103 67
2174 103 68 54
2175 71 139 156
2177 71 21 54
2178 71 21 139
2179 21 71 54
2181 70 63 68
2182 70 68 46
2184 71 70 68
2185 70 71 156
2186 71 156 139
2187 71 156 70
2188 156 71 70
2189 71 156 70
2191 105 104 52
2192 69 104 105
2193 67 69 104
2194 69 67 104
2195 67 69 109
2197 109 69 67
2199 69 108 109
2200 108 69 109
2201 221 55 56
2202 55 221 107
2203 107 55 65
2204 221 222 55
2206 107 55 108
2207 189 221 190
2208 189 221 190
2209 221 55 189
2210 221 189 56
2211 55 221 189
2212 189 190 243
2214 189 190 193
2215 189 190 221
2216 244 243 189
2217 244 189 245
2219 243 133 112
2220 189 190 243
2221 190 189 243
2222 243 133 190
2223 243 133 155
2224 190 243 133
2225 243 133 190
2226 190 243 133
2227 133 243 190
2228 133 243 155
2229 133 243 155
2230 190 189 173
2231 190 133 243
2232 190 189 243
2233 190 189 173
2234 189 190 243
2235 189 190 221
2236 189 190 243
2237 189 221 190
2238 221 189 56
2239 221 56 189
2241 221 56 190
2242 221 222 56
2243 221 222 56
2244 190 56 221
2245 221 56 190
2246 221 56 190
2247 221 56 222
2248 190 56 173
2249 190 173 133
2250 107 9 151
2252 55 107 9
2253 151 108 107
2254 108 107 151
2256 109 108 10
2257 108 151 10
2258 10 109 108
2260 10 151 109
2261 151 10 108
2262 151 10 337
2263 151 9 108
2265 9 151 107
2266 9 151 8
2267 55 8 221
2268 56 28 157
2269 56 157 28
2270 190 133 173
2271 190 133 173
2272 133 173 190
2273 133 173 190
2274 133 173 190
2275 133 190 173
2276 133 173 155
2277 133 173 155
2278 133 173 155
2279 133 173 155
2280 133 155 173
2281 133 155 173
2282 190 133 173
2283 133 190 243
2284 133 243 173
2285 133 155 243
2287 133 155 243
2288 155 133 173
2289 155 154 133
2290 155 154 133
2291 155 133 154
2292 154 155 153
2293 154 155 153
2294 154 153 155
2295 153 145 154
2296 153 145 154
2298 133 155 243
2299 155 133 154
2300 155 112 133
2302 112 243 133
2303 112 155 26
2304 26 154 232
2305 154 26 155
2306 153 22 231
2308 230 23 145
2312 230 24 229
2313 230 229 119
2314 153 22 154
2315 145 23 153
2316 145 23 153
2317 144 24 145
2318 24 144 145
2320 145 144 153
2321 145 144 153
2322 144 163 145
2323 144 163 145
2325 163 7 144
2326 163 7 144
2327 144 163 160
2328 163 7 161
2329 7 246 163
2331 7 163 33
2332 160 144 161
2333 161 163 160
2334 160 159 161
2337 246 161 7
2338 153 145 158
2339 158 159 153
2340 159 145 160
2341 145 144 159
2344 153 145 154
2346 25 7 110
2347 7 25 163
2348 25 33 130
2349 25 130 33
2351 130 33 25
2352 130 33 25
2353 130 226 25
2355 33 7 246
2358 163 144 7
2359 163 110 144
2360 155 154 173
2361 154 153 155
2362 155 173 154
2363 154 157 153
2364 155 133 173
2365 155 173 133
2366 173 133 155
2367 173 155 133
2368 173 133 155
2369 173 157 155
2370 157 173 155
2371 157 173 155
2372 173 133 190
2373 133 173 155
2374 173 133 155
2376 157 158 154
2377 173 133 190
2378 28 56 158
2379 56 157 158
2380 28 158 56
2381 56 157 158
2382 27 223 29
2383 28 27 222
2386 29 30 224
2387 29 30 224
2388 29 160 27
2390 29 30 224
2391 29 160 27
2392 27 159 29
2393 27 159 29
2394 225 247 113
2395 247 225 113
2396 30 225 247
2397 225 30 247
2398 247 225 113
2399 30 225 247
2400 113 247 124
2401 113 247 130
2402 113 247 225
2403 113 247 225
2404 113 247 130
2405 113 247 225
2406 113 124 130
2407 113 124 130
2408 113 247 130
2409 113 124 247
2410 113 130 124
2411 113 247 130
2412 113 124 130
2413 113 130 124
2414 113 124 130
2415 113 124 130
2416 113 130 124
2417 113 130 124
2418 113 124 130
2419 113 130 124
2420 113 130 124
2421 113 124 130
2422 113 130 33
2423 113 130 124
2424 113 130 33
2425 113 130 33
2426 113 130 33
2427 113 130 124
2428 130 113 33
2429 113 130 33
2430 124 226 113
2431 113 130 124
2432 113 124 130
2433 124 226 113
2434 124 113 130
2435 124 226 113
2436 124 113 130
2437 124 156 113
2438 124 113 130
2439 124 156 113
2440 113 124 130
2441 113 124 130
2442 113 124 130
2443 113 124 130
2444 113 124 130
2445 113 124 130
2446 113 130 124
2447 113 130 124
2448 113 130 124
2449 113 124 130
2450 124 113 130
2451 124 113 156
2452 124 113 130
2453 124 113 156
2454 156 124 226
2455 124 156 113
2456 124 156 113
2457 156 124 113
2458 124 156 113
2459 124 156 113
2460 124 113 156
2461 124 156 113
2462 124 113 156
2463 113 124 247
2464 124 113 46
2465 124 113 70
2466 113 124 247
2467 113 124 247
2468 113 247 124
2469 113 247 225
2470 113 124 225
2471 225 113 247
2472 225 46 30
2473 225 247 113
2474 113 70 46
2475 225 46 70
2476 70 46 113
2477 70 46 225
2478 46 225 70
2479 225 46 224
2480 70 46 124
2481 70 46 68
2482 70 71 68
2483 70 68 71
2484 68 70 46
2485 70 68 46
2486 124 156 113
2487 156 124 70
2488 70 124 156
2489 70 124 113
2490 71 156 70
2491 71 70 156
2492 124 113 156
2493 113 124 70
2494 113 124 247
2495 225 224 53
2496 225 224 30
2497 225 224 53
2498 224 53 29
2499 224 29 225
2500 224 29 225
2501 225 30 224
2502 29 224 30
2503 113 124 247
2504 113 247 225
2505 113 124 225
2506 225 113 247
2507 225 113 247
2508 113 124 225
2509 113 124 46
2510 225 113 46
2511 225 30 224
2512 225 30 224
2513 225 30 224
2514 224 29 30
2515 29 224 223
2516 29 224 223
2517 29 223 224
2518 27 223 29
2519 27 223 159
2520 223 27 222
2521 222 28 27
2522 28 222 27
2523 223 27 222
2524 222 28 27
2525 28 222 56
2526 28 222 56
2527 28 56 158
2528 223 224 29
2529 223 224 29
2530 223 27 222
2531 222 28 27
2532 223 27 222
2533 222 28 27
2534 28 222 56
2535 222 28 56
2536 68 63 224
2537 68 104 63
2538 68 104 224
2539 223 224 68
2540 68 71 54
2541 68 104 29
2542 27 223 68
2543 223 27 222
2544 68 71 70
2545 68 70 71
2546 68 70 63
2547 71 68 54
2548 68 71 54
2549 71 54 68
2550 71 68 54
2551 71 54 68
2552 71 54 68
2553 71 54 68
2554 68 71 54
2555 71 70 68
2556 71 156 70
2557 71 54 68
2558 71 68 70
2559 71 156 139
2560 71 54 156
2561 71 70 68
2562 71 68 70
2563 68 63 225
2564 224 53 63
2565 223 224 29
2566 68 159 27
2567 56 28 158
2568 28 222 56
2569 159 158 56
2570 56 158 157
2571 56 157 158
2572 56 28 158
2573 56 28 222
2574 158 159 56
2575 56 157 158
2576 33 157 158
2577 157 56 173
2578 157 173 56
2579 56 157 173
2580 71 54 68
2581 71 33 130
2582 71 68 54
2583 71 33 130
2584 33 130 71
2585 68 71 54
2586 56 157 158
2587 56 157 28
2588 56 157 173
2589 56 157 173
2590 56 157 173
2591 56 157 173
2592 222 28 27
2593 56 28 222
2594 56 28 157
2595 56 28 157
2596 56 157 173
2597 56 157 28
2598 56 28 222
2599 56 28 158
2600 56 157 28
2601 56 157 158
2602 56 157 158
2603 56 157 158
2604 56 157 173
2605 157 56 173
2606 56 157 173
2607 157 173 56
2608 173 157 56
2609 173 157 190
2610 56 28 158
2611 56 158 28
2612 158 28 56
2613 28 158 56
2614 56 158 157
2615 56 158 157
2616 157 56 158
2617 157 56 173
2618 157 173 56
2619 157 173 56
2620 173 157 133
2621 173 157 133
2622 173 133 157
2623 173 157 133
2624 173 157 133
2625 173 157 133
2626 173 133 157
2627 173 157 133
2628 173 157 133
2629 173 155 133
2630 173 133 155
2631 173 133 155
2632 173 133 157
2633 173 157 56
2634 173 133 157
2635 173 56 157
2636 173 133 190
2637 173 133 155
2638 173 133 155
2639 56 157 173
2640 56 157 173
2641 28 27 159
2642 159 28 27
2643 28 27 159
2644 158 28 56
2645 56 157 158
2646 157 56 173
2647 173 157 56
2648 173 133 155
2649 173 133 155
2650 173 133 155
2651 173 133 155
2652 173 157 155
2653 173 157 155
2654 157 173 158
2655 157 173 155
2656 158 157 154
2657 158 157 159
2658 158 159 157
2659 158 159 157
2660 158 159 157
2661 159 158 145
2662 159 160 158
2663 153 154 157
2664 145 153 158
2665 144 145 163
2666 160 144 159
2667 160 159 161
2668 154 153 155
2669 153 145 154
2670 154 155 153
2671 153 154 145
2672 145 144 153
2673 145 144 153
2674 155 154 133
2675 154 153 155
2676 155 154 133
2677 155 154 153
2678 145 153 144
2679 145 153 144
2680 155 133 154
2681 155 154 133
2682 155 133 154
2683 155 154 133
2684 33 155 7
2685 163 155 7
2686 155 133 173
2687 155 133 154
2688 155 133 173
2689 155 133 173
2690 33 130 155
2691 33 155 130
2692 155 133 173
2693 155 133 173
2694 155 133 173
2695 155 133 173
2696 33 130 155
2697 33 130 155
2698 155 133 173
2699 155 133 173
2700 155 133 173
2701 155 133 173
2702 133 155 173
2703 155 133 173
2704 133 155 173
2705 133 155 173
2706 155 133 173
2707 155 133 173
2708 155 133 173
2709 155 133 173
2710 155 133 173
2711 155 133 173
2712 173 133 155
2713 173 155 133
2714 155 133 173
2715 155 133 173
2716 33 130 173
2717 33 130 155
2718 173 133 155
2719 173 133 155
2720 133 155 173
2721 133 155 173
2722 173 157 133
2723 33 130 157
2724 173 157 133
2725 173 133 157
2726 173 133 157
2727 173 157 56
2728 173 157 56
2729 33 130 226
2730 33 130 7
2731 33 130 226
2732 130 33 226
2733 130 33 226
2734 130 33 226
2735 33 130 246
2736 33 130 226
2737 130 33 226
2738 130 33 226
2739 33 7 163
2740 163 7 33
2741 33 130 7
2742 130 33 25
2743 33 130 25
2744 33 25 7
2745 163 144 7
2746 163 144 7
2747 7 163 25
2748 163 7 33
2749 144 163 7
2750 163 144 7
2751 163 7 33
2752 163 7 246
2753 33 25 130
2754 33 7 25
2755 130 33 25
2756 130 33 226
2757 130 33 25
2758 33 130 25
2759 130 33 25
2760 130 33 226
2761 130 226 33
2762 130 226 33
2763 33 130 7
2764 130 33 226
2765 155 133 173
2766 155 133 173
2767 155 133 173
2768 155 133 173
2769 155 173 133
2770 155 133 173
2771 155 133 154
2772 155 154 173
2773 157 173 155
2774 155 173 133
2775 155 154 173
2776 157 154 155
2777 157 173 155
2778 157 158 154
2779 173 155 133
2780 173 155 133
2781 155 173 133
2782 173 155 157
2783 155 173 133
2784 155 173 133
2785 173 155 133
2786 173 157 155
2787 155 133 173
2788 155 133 173
2789 133 155 173
2790 155 133 173
2791 133 155 173
2792 155 133 173
2793 173 133 155
2794 133 173 155
2795 133 173 155
2796 173 133 155
2797 133 173 155
2798 173 133 155
2799 173 155 133
2800 161 163 160
2801 161 160 246
2802 246 161 7
2803 161 246 7
2804 161 246 160
2805 246 161 33
2807 246 33 161
2808 33 246 130
2809 33 246 247
2810 33 246 247
2811 246 33 7
2812 7 33 246
2813 33 130 7
2814 33 246 130
2815 33 130 7
2816 33 130 7
2817 33 130 7
2818 130 33 226
2819 130 33 226
2820 130 33 226
2821 130 33 246
2822 130 226 33
2823 226 130 33
2824 130 226 33
2825 226 130 33
2826 226 130 33
2827 226 130 35
2828 226 130 33
2829 130 226 33
2830 226 130 35
2831 226 130 35
2832 226 130 35
2833 226 35 130
2834 226 35 130
2835 226 35 130
2836 226 35 130
2837 226 35 130
2838 226 35 130
2839 35 226 130
2840 35 226 130
2841 35 226 130
2842 226 130 33
2843 226 130 35
2844 226 130 33
2845 226 130 33
2846 226 35 130
2847 226 130 33
2848 130 226 33
2849 226 130 33
2850 226 130 33
2851 226 130 35
2852 226 156 130
2853 226 130 124
2854 226 130 124
2855 226 35 130
2856 226 35 156
2857 156 226 35
2858 226 156 35
2859 130 33 226
2860 130 33 226
2861 130 33 226
2862 130 226 33
2863 130 33 226
2864 33 130 246
2865 33 246 130
2866 33 130 246
2867 33 130 247
2868 130 33 247
2869 33 130 247
2870 130 33 113
2871 130 33 113
2872 33 246 130
2873 33 130 246
2874 33 130 247
2875 33 130 247
2876 33 130 247
2877 130 33 247
2878 130 33 113
2879 130 113 33
2880 7 33 163
2881 160 159 161
2882 161 160 246
2883 159 160 158
2884 173 133 155
2885 173 133 155
2886 173 133 155
2887 173 155 133
2888 173 133 155
2889 173 133 155
2890 173 133 155
2891 173 133 155
2892 173 133 155
2893 173 133 155
2894 173 133 190
2895 173 133 190
2896 173 133 155
2897 173 133 155
2898 173 133 155
2899 173 133 190
2900 173 133 190
2901 173 133 155
2902 173 133 157
2903 173 133 155
2904 173 155 133
2905 173 133 155
2906 173 155 133
2908 36 203 129
2909 129 142 203
2910 142 36 129
2911 203 129 36
2912 129 203 142
2913 129 142 203
2914 129 142 203
2915 142 100 126
2916 100 120 101
2917 100 142 36
2918 100 142 120
2920 101 36 142
2922 119 101 230
2923 119 120 100
2924 119 120 230
2925 230 119 231
2926 119 230 229
2927 118 117 50
2928 50 118 101
2929 101 119 118
2930 118 119 229
2931 101 50 205
2932 101 119 36
2933 117 111 116
2934 123 117 116
2935 117 50 123
2936 117 118 228
2937 123 147 116
2938 123 50 147
2939 50 187 123
2940 50 118 117
2941 116 111 123
2942 116 123 111
2943 123 116 111
2944 111 116 117
2945 123 116 147
2947 31 111 117
2949 111 117 116
2951 111 35 116
2952 111 116 35
2954 31 111 35
2955 31 226 228
2956 31 226 35
2957 35 226 31
2958 35 111 31
2959 110 228 25
2961 25 31 228
2962 31 228 25
2963 31 226 25
2964 110 163 24
2965 110 229 24
2966 228 229 110
2967 229 24 110
2968 228 229 118
2971 228 31 117
2973 229 118 119
2974 117 228 118
2975 226 31 130
2976 226 130 31
2977 226 130 35
2978 226 35 31
2980 226 130 35
2981 226 35 130
2982 130 226 33
2983 226 130 33
2984 226 130 124
2985 226 35 130
2986 35 226 156
2987 130 226 33
2988 130 33 226
2989 130 33 226
2990 130 226 33
2991 130 33 226
2992 130 33 226
2993 130 226 113
2994 226 130 113
2995 130 33 226
2996 130 33 246
2997 35 226 156
2998 35 226 156
2999 226 124 35
3000 226 156 124
3001 156 35 226
3002 35 156 226
3003 35 226 31
3005 35 226 143
3006 35 143 226
3007 35 143 156
3008 143 35 156
3009 35 143 156
3010 143 35 156
3011 143 35 111
3012 116 143 111
3013 143 35 116
3014 143 116 35
3015 116 143 111
3018 143 34 116
3019 143 139 34
3020 143 34 139
3021 34 227 143
3022 34 143 116
3023 143 35 139
3024 143 139 156
3025 143 139 34
3026 143 156 35
3027 156 139 143
3028 139 143 156
3029 139 143 34
3030 143 35 111
3031 143 35 156
3032 34 139 143
3033 139 34 143
3034 139 34 162
3036 116 123 111
3037 116 227 123
3038 227 116 137
3039 123 116 137
3040 227 116 34
3041 227 34 137
3043 227 137 116
3044 35 143 111
3045 147 123 213
3046 147 187 123
3047 147 123 187
3048 123 147 187
3049 187 147 213
3050 187 147 50
3051 213 147 192
3053 147 213 123
3054 213 147 177
3055 147 123 213
3056 147 123 177
3057 147 177 213
3058 177 147 213
3059 192 213 138
3060 213 192 147
3061 213 192 147
3062 213 192 138
3063 213 192 147
3064 213 147 192
3066 213 215 192
3067 138 215 213
3068 138 192 213
3069 192 138 213
3070 138 213 215
3071 138 192 213
3072 192 138 213
3073 215 138 172
3074 138 215 213
3075 215 138 213
3076 215 138 213
3077 215 213 138
3078 215 213 177
3079 138 172 136
3080 138 135 136
3082 138 215 172
3083 138 135 192
3084 138 192 135
3085 138 215 172
3086 138 172 215
3087 215 172 138
3088 172 138 215
3089 192 214 213
3090 192 213 187
3091 192 213 187
3093 192 187 213
3094 192 187 213
3095 192 214 138
3096 192 214 135
3097 192 214 135
3098 192 214 138
3099 214 192 135
3100 214 192 212
3101 214 192 212
3102 192 214 213
3103 192 138 213
3104 192 138 135
3105 192 214 207
3106 192 214 187
3107 207 192 187
3108 192 187 207
3109 187 147 213
3110 147 213 187
3111 187 207 50
3113 187 213 147
3114 187 207 192
3115 213 215 147
3116 215 177 213
3117 177 147 137
3118 177 215 147
3119 137 123 147
3120 137 177 123
3121 177 137 147
3123 123 147 116
3124 123 147 116
3125 123 137 147
3126 137 227 123
3127 177 215 213
3128 215 177 213
3129 177 215 137
3130 215 177 58
3131 177 137 215
3132 177 215 132
3133 177 137 132
3134 177 132 215
3135 177 132 58
3136 177 215 58
3137 137 177 227
3138 137 177 227
3140 137 177 132
3141 187 50 207
3142 187 50 207
3143 50 187 205
3144 50 187 205
3146 50 205 101
3147 101 36 205
3148 205 101 36
3149 205 36 203
3150 36 101 203
3151 36 203 206
3152 203 205 36
3153 206 203 36
3154 203 36 206
3155 206 216 205
3156 206 205 203
3157 205 206 203
3158 205 207 206
3160 205 207 206
3161 205 50 101
3162 205 50 207
3163 207 187 216
3164 207 205 187
3165 207 187 205
3166 187 207 205
3167 207 216 206
3169 207 216 187
3170 207 216 212
3171 207 187 216
3172 207 214 216
3173 207 216 212
3174 207 216 205
3175 207 216 206
3176 216 207 186
3177 216 206 186
3178 216 206 207
3179 216 207 206
3180 206 216 186
3181 206 216 205
3182 216 212 57
3183 216 212 57
3184 216 207 212
3185 216 212 207
3186 187 207 192
3187 129 203 142
3188 129 203 142
3189 129 142 203
3190 129 98 203
3191 129 98 203
3192 129 98 102
3193 129 142 102
3194 129 142 209
3195 129 98 240
3196 129 98 240
3197 129 98 102
3199 129 102 98
3200 129 142 209
3201 209 126 142
3203 126 142 209
3204 142 126 129
3205 142 129 126
3206 142 126 129
3207 126 142 209
3208 126 142 47
3209 129 142 126
3210 129 102 98
3211 129 75 102
3212 98 129 240
3213 98 240 165
3214 98 129 203
3215 98 203 165
3216 165 98 92
3217 98 165 203
3218 165 98 203
3219 165 92 98
3220 203 98 165
3221 203 206 165
3222 92 165 203
3223 92 165 206
3224 98 165 240
3225 98 240 165
3226 98 165 240
3227 165 98 240
3228 98 240 167
3229 167 98 240
3230 167 37 97
3231 167 97 99
3232 167 165 98
3233 167 165 39
3234 165 98 167
3235 165 39 167
3236 167 164 97
3239 37 39 167
3240 81 82 41
3241 82 81 87
3242 39 73 81
3244 80 81 42
3246 165 98 39
3248 165 92 98
3249 165 92 40
3250 165 80 40
3252 191 95 80
3254 80 191 88
3255 80 88 42
3256 191 95 183
3257 191 95 78
3258 191 95 80
3259 80 191 88
3260 191 95 183
3261 191 95 78
3262 78 191 62
3263 78 62 191
3264 78 62 191
3265 191 78 95
3266 92 165 40
3267 191 183 95
3269 191 78 184
3270 165 92 40
3271 92 165 185
3272 92 186 185
3273 78 185 62
3274 92 186 165
3275 92 186 78
3276 186 92 78
3278 92 206 203
3279 203 206 92
3280 206 92 203
3281 92 206 186
3282 81 82 87
3283 81 178 80
3284 81 80 178
3285 81 82 178
3286 80 81 178
3287 81 80 178
3288 81 82 87
3289 191 80 95
3290 80 191 88
3291 80 81 88
3292 191 95 78
3293 191 95 80
3294 81 80 178
3295 203 129 98
3296 203 129 98
3298 203 129 206
3299 203 206 92
3300 203 206 129
3301 206 203 216
3302 206 203 92
3304 206 186 216
3305 206 203 216
3306 206 216 186
3307 216 206 186
3308 186 61 76
3309 186 216 61
3310 186 216 61
3311 186 61 57
3312 216 186 206
3313 216 186 57
3314 186 216 57
3315 61 57 186
3316 186 206 92
3317 186 61 92
3318 186 61 76
3319 61 76 62
3320 61 186 76
3321 61 76 62
3322 61 76 62
3323 61 76 62
3324 61 76 62
3325 61 76 57
3326 61 76 62
3327 61 76 62
3328 61 76 62
3329 61 76 62
3330 61 76 57
3331 61 76 57
3332 61 57 76
3333 61 76 57
3334 61 76 57
3335 61 76 62
3336 61 57 76
3337 61 76 57
3338 61 57 76
3339 61 76 57
3340 61 76 57
3341 61 76 57
3342 61 57 76
3343 61 57 76
3344 57 61 186
3345 57 61 76
3346 57 61 212
3347 61 57 76
3348 61 57 76
3349 61 57 76
3350 57 61 186
3351 61 76 62
3352 61 76 62
3353 61 76 62
3354 61 76 62
3355 61 76 62
3356 61 76 62
3357 61 76 62
3358 61 76 57
3359 61 76 57
3360 61 76 62
3361 61 76 186
3362 61 76 62
3363 78 62 76
3364 61 76 62
3365 78 62 76
3366 78 62 76
3367 78 62 76
3368 78 76 62
3369 78 76 62
3370 78 62 76
3371 76 78 61
3372 78 62 76
3373 78 62 191
3374 61 76 62
3375 61 76 78
3376 61 76 62
3377 61 76 62
3379 57 186 216
3380 216 57 186
3381 57 212 216
3382 57 61 212
3383 57 212 61
3384 57 212 216
3385 212 57 61
3386 57 212 61
3387 57 212 61
3388 57 61 212
3389 212 57 61
3390 212 57 202
3391 57 212 61
3392 57 61 212
3393 57 212 61
3395 212 57 202
3396 212 202 57
3397 57 212 202
3398 57 61 76
3400 212 57 202
3401 212 214 57
3402 212 214 202
3403 212 202 210
3404 212 202 57
3405 212 57 214
3406 212 57 214
3407 212 214 57
3408 212 214 57
3409 212 216 57
3410 212 57 216
3411 212 57 216
3413 216 57 212
3414 216 206 186
3415 206 203 216
3416 206 203 36
3417 203 206 129
3418 203 129 36
3419 129 203 142
3420 47 126 100
3421 172 58 215
3423 58 132 215
3425 215 58 172
3426 215 58 177
3427 58 215 177
3429 58 172 215
3430 132 93 137
3431 132 177 93
3432 132 177 137
3433 227 234 137
3434 234 127 227
3436 227 234 137
3437 93 137 234
3439 139 21 162
3440 162 139 21
3441 162 139 34
3442 139 34 162
3444 34 162 139
3445 21 139 71
3446 139 71 156
3447 139 71 156
3448 139 21 71
3449 139 21 71
3450 139 156 143
3452 34 162 139
3453 34 162 127
3454 34 127 227
3455 34 227 127
3457 368 301 251
3458 9 151 336
3459 151 337 9
3460 151 337 10
3461 10 151 338
3463 445 260 467
3464 342 353 359
3465 342 353 359
3466 353 342 359
3467 353 342 359
3468 342 353 359
3469 342 359 353
3470 353 342 359
3471 342 353 359
3472 353 342 446
3473 353 446 342
3474 353 342 383
3475 353 383 342
3476 353 383 342
3477 353 446 383
3478 383 353 446
3479 383 353 446
3480 383 353 342
3481 383 353 301
3482 383 353 446
3483 383 353 446
3484 446 359 353
3485 446 353 359
3486 446 383 353
3487 446 359 353
3488 383 446 353
3489 446 265 383
3490 446 359 263
3491 446 359 263
3492 446 359 265
3493 446 359 265
3494 446 265 359
3495 446 265 359
3496 359 446 263
3497 446 359 263
3498 446 359 263
3499 446 359 263
3500 446 359 265
3501 446 359 263
3502 263 359 255
3503 359 263 446
3504 359 446 263
3505 359 263 255
3506 446 359 263
3507 359 263 446
3508 249 390 263
3509 263 249 255
3510 263 359 255
3511 249 263 255
3512 359 263 255
3513 263 249 255
3514 373 374 390
3515 390 373 249
3516 390 249 373
3517 373 374 390
3518 249 390 263
3519 390 373 249
3520 380 374 373
3521 380 374 381
3522 380 381 374
3523 373 390 374
3524 390 373 249
3525 390 373 249
3526 373 374 390
3527 249 390 263
3528 249 390 263
3529 374 373 380
3530 374 380 373
3531 263 249 359
3532 249 263 390
3533 263 359 255
3534 359 263 249
3535 263 359 249
3536 263 249 359
3537 359 263 446
3538 359 446 263
3539 446 359 263
3540 359 263 446
3541 263 249 466
3542 263 249 255
3543 263 359 249
3544 263 359 249
3545 263 359 249
3546 359 263 249
3547 359 263 446
3548 359 263 446
3549 263 466 359
3550 263 359 466
3551 263 359 466
3552 263 466 359
3553 263 359 467
3554 263 359 466
3555 466 388 249
3556 466 263 388
3557 263 466 249
3558 466 249 263
3559 446 359 263
3560 446 359 265
3561 446 265 359
3562 446 359 265
3563 446 265 359
3564 446 265 359
3565 265 446 359
3566 446 265 359
3567 446 265 359
3568 446 265 383
3569 265 383 446
3570 265 446 383
3571 446 265 359
3572 446 359 263
3573 446 265 359
3574 265 446 359
3575 446 265 359
3576 446 359 265
3577 446 265 359
3578 446 359 265
3579 265 446 359
3580 265 446 372
3581 265 446 372
3582 265 446 372
3583 265 446 372
3584 265 368 383
3585 368 265 446
3586 265 446 359
3587 265 446 359
3588 359 263 446
3589 359 446 263
3590 359 263 446
3591 359 446 263
3592 359 446 263
3593 446 359 263
3594 359 446 342
3595 446 359 342
3596 359 342 446
3597 446 359 353
3598 359 342 263
3599 342 359 263
3600 359 342 446
3601 359 342 263
3602 359 263 342
3603 359 342 263
3604 359 263 342
3605 359 263 342
3606 342 359 353
3607 342 359 353
3608 342 359 353
3609 342 359 263
3610 359 342 263
3611 342 359 263
3612 359 342 263
3613 359 263 342
3614 359 263 467
3615 359 263 342
3616 383 446 265
3617 383 353 446
3618 383 353 368
3619 383 265 446
3620 383 368 265
3621 265 383 446
3622 383 368 301
3623 368 383 301
3624 368 383 265
3625 368 383 265
3626 368 383 301
3627 368 301 383
3628 368 301 383
3629 301 368 383
3630 301 368 383
3631 301 383 368
3632 301 383 368
3633 301 368 383
3634 301 383 368
3635 301 383 368
3636 301 368 383
3637 301 383 300
3638 301 383 300
3639 301 383 300
3640 301 383 368
3641 301 383 300
3642 383 301 353
3643 301 383 353
3644 301 383 368
3645 301 383 368
3646 301 300 383
3647 301 383 300
3648 383 353 301
3649 383 301 353
3650 383 301 353
3651 301 383 284
3652 301 368 383
3653 301 284 298
3654 301 368 251
3655 301 298 300
3656 301 298 284
3657 383 301 368
3658 383 301 368
3659 383 353 301
3660 353 383 342
3661 383 353 342
3662 353 342 383
3663 386 387 385
3664 387 388 386
3665 387 388 386
3666 386 387 385
3667 386 387 374
3668 387 373 390
3669 388 466 387
3670 390 388 249
3671 388 387 466
3672 466 388 249
3673 265 372 340
3675 263 359 466
3677 466 263 249
3678 466 263 388
3679 263 466 359
3680 263 359 467
3681 263 359 466
3682 359 263 467
3683 263 359 467
3685 359 263 342
3686 359 263 342
3687 359 263 342
3688 359 342 446
3689 263 359 467
3690 382 381 380
3691 382 381 263
3692 263 359 249
3693 263 359 249
3694 359 263 446
3695 359 446 263
3696 359 446 263
3697 382 263 381
3698 359 446 263
3699 426 423 436
3700 426 436 425
3701 426 436 423
3702 426 436 410
3703 436 427 426
3704 436 427 426
3705 436 426 427
3706 436 426 427
3707 427 436 426
3708 427 436 426
3709 436 432 287
3710 436 432 427
3711 436 427 432
3712 436 432 287
3713 427 436 432
3714 427 436 432
3715 434 432 287
3716 434 432 427
3717 432 434 436
3718 432 434 287
3719 432 287 436
3720 432 434 287
3721 434 432 430
3722 434 432 416
3723 432 434 287
3724 434 432 287
3725 432 434 287
3726 432 434 287
3727 434 430 432
3728 434 430 364
3729 434 432 430
3730 434 432 430
3731 434 364 430
3732 434 364 416
3733 434 416 432
3735 430 394 422
3736 430 434 422
3737 430 422 432
3738 430 422 432
3739 430 434 432
3740 432 422 430
3741 422 430 432
3742 430 422 432
3743 430 394 431
3744 430 394 422
3746 430 422 431
3747 430 422 431
3748 422 430 431
3749 431 424 422
3750 431 424 430
3751 430 431 422
3752 422 431 430
3753 431 395 430
3754 430 394 431
3755 424 273 422
3756 424 335 273
3758 424 431 422
3759 424 335 418
3760 424 418 335
3761 424 431 418
3762 424 431 422
3763 273 335 375
3764 335 273 375
3765 335 424 273
3766 273 335 424
3767 335 273 406
3768 335 424 406
3769 273 291 422
3770 273 291 306
3771 273 422 424
3772 273 422 291
3773 422 273 424
3774 422 273 424
3775 422 424 431
3776 422 430 424
3778 431 395 424
3779 431 424 395
3780 431 424 395
3781 262 369 418
3782 431 262 395
3783 262 431 418
3784 262 418 424
3785 418 424 262
3786 418 262 424
3787 418 335 424
3788 418 424 335
3789 418 406 335
3790 418 406 424
3791 430 394 364
3792 430 394 364
3793 394 430 395
3794 394 430 364
3795 394 430 364
3796 364 394 430
3797 394 395 431
3798 394 430 395
3799 394 395 379
3801 379 378 394
3803 379 394 378
3804 378 395 379
3805 379 394 378
3806 394 379 395
3807 395 394 378
3809 395 431 378
3810 395 431 394
3811 394 379 364
3812 379 394 364
3813 364 394 379
3814 394 364 379
3815 364 394 430
3816 364 394 365
3817 364 394 430
3818 430 434 364
3819 364 434 430
3820 364 434 394
3821 364 434 416
3822 422 273 287
3824 422 430 273
3825 422 430 432
3826 432 422 287
3827 422 432 287
3828 422 432 430
3829 432 422 287
3830 287 291 432
3831 287 291 273
3832 287 422 432
3833 287 432 422
3834 287 273 291
3835 422 273 287
3836 287 291 432
3837 287 291 432
3838 287 432 422
3839 287 432 291
3840 432 287 422
3841 432 287 422
3842 432 287 422
3844 432 434 422
3845 273 291 287
3846 422 273 287
3847 434 432 430
3848 434 364 416
3849 416 434 364
3850 434 432 416
3851 434 416 432
3852 434 416 432
3853 434 432 416
3854 416 434 433
3855 416 434 364
3856 416 434 433
3857 416 434 433
3858 416 433 434
3859 416 433 411
3860 416 433 411
3861 416 433 367
3862 433 416 376
3863 433 416 411
3864 416 411 433
3865 416 411 427
3866 433 416 367
3867 433 416 376
3868 433 376 416
3869 411 427 416
3870 411 433 376
3871 411 376 433
3872 376 433 411
3873 416 433 367
3874 416 433 367
3876 416 434 411
3877 416 434 427
3878 416 411 427
3879 427 416 411
3880 434 432 427
3881 427 434 436
3882 427 436 411
3883 427 436 411
3884 427 411 436
3886 411 427 416
3887 411 427 425
3888 432 287 436
3889 432 287 422
3890 432 287 434
3891 432 287 436
3892 287 432 436
3893 432 287 436
3894 432 287 436
3895 436 432 287
3896 287 410 291
3897 287 291 410
3898 287 436 410
3899 436 410 287
3900 287 291 410
3901 287 432 436
3902 436 287 410
3904 291 306 287
3905 291 410 287
3906 291 306 287
3907 291 287 410
3908 410 291 287
3909 291 306 292
3910 291 306 287
3911 291 306 292
3912 291 306 287
3913 291 306 292
3914 291 306 292
3915 291 306 292
3916 291 306 292
3917 291 306 292
3918 291 306 292
3919 291 287 306
3920 291 287 306
3921 291 287 306
3922 291 287 306
3923 291 306 287
3924 291 287 306
3925 291 306 287
3926 291 306 287
3927 291 306 287
3928 291 306 287
3929 287 291 306
3930 287 291 306
3931 287 291 432
3932 287 432 291
3933 287 291 432
3934 287 432 291
3935 291 287 306
3936 287 291 306
3937 291 287 306
3938 287 291 306
3939 436 410 287
3940 410 436 426
3941 436 410 426
3942 436 426 410
3943 436 426 410
3944 426 436 410
3945 436 410 287
3946 410 426 436
3947 426 436 410
3948 426 436 410
3950 436 287 432
3951 287 291 432
3952 287 432 291
3953 423 358 327
3954 423 426 358
3955 423 426 322
3956 427 425 436
3957 427 425 411
3958 427 411 425
3959 383 265 372
3960 383 265 372
3961 383 353 265
3962 383 265 353
3963 383 353 265
3964 383 353 265
3965 383 353 265
3966 353 446 383
3967 446 353 383
3968 353 383 446
3969 353 446 342
3970 446 353 342
3971 446 359 353
3972 359 342 446
3973 342 353 359
3974 353 342 446
3975 446 353 359
3976 383 353 446
3977 383 265 353
3979 152 175 377
3982 175 396 428
3983 428 421 396
3984 199 421 428
3988 421 200 199
3989 421 313 200
3990 200 421 313
3991 200 18 313
3993 18 313 200
3994 18 200 313
3995 313 18 200
3996 18 313 200
3997 313 421 18
3998 313 18 421
3999 83 18 182
4000 83 18 182
4001 18 83 200
4002 18 83 17
4003 83 18 201
4004 18 83 200
4005 18 313 83
4006 18 313 83
4007 313 18 406
4008 18 313 314
4009 18 313 200
4010 313 18 406
4011 18 83 200
4012 83 201 18
4013 201 83 200
4014 200 201 18
4015 406 313 418
4016 313 406 421
4017 313 421 406
4018 418 406 421
4019 421 313 418
4020 418 421 406
4021 406 313 405
4022 313 406 18
4023 313 406 18
4024 406 313 418
4025 406 335 321
4026 406 313 335
4027 406 313 418
4028 406 335 418
4029 406 418 313
4030 418 406 421
4031 418 262 406
4032 421 428 418
4033 428 421 396
4034 262 418 428
4035 418 421 262
4036 396 428 377
4037 377 396 369
4038 369 400 377
4039 369 262 396
4042 369 262 400
4043 369 262 400
4045 400 369 395
4047 199 200 208
4048 200 201 199
4050 208 201 171
4051 171 208 148
4053 32 208 140
4054 140 32 171
4055 176 140 148
4057 148 171 152
4058 201 83 194
4059 201 208 194
4060 194 201 83
4061 194 201 32
4062 152 175 148
4063 175 199 171
4064 378 400 395
4066 176 140 170
4067 149 176 170
4068 150 149 169
4069 170 149 176
4072 149 170 150
4073 379 365 394
4074 365 364 379
4075 365 364 379
4076 364 365 394
4077 365 364 367
4079 60 75 99
4080 60 99 75
4081 75 60 59
4082 75 60 99
4083 60 99 75
4084 60 75 99
4085 60 75 99
4086 60 75 99
4087 75 60 209
4088 75 60 59
4089 60 75 99
4090 60 75 99
4091 60 75 99
4092 60 75 198
4093 209 198 75
4094 209 75 60
4095 198 209 60
4096 198 209 75
4097 60 198 75
4098 60 198 75
4099 60 75 99
4100 60 75 99
4101 198 60 75
4102 198 209 60
4103 198 209 75
4104 60 75 198
4105 60 198 75
4106 198 60 75
4107 198 209 75
4108 209 198 75
4109 60 75 198
4110 60 75 59
4111 60 75 99
4112 209 75 198
4113 209 198 75
4114 209 198 75
4115 75 209 59
4116 209 75 126
4117 209 198 126
4118 209 198 75
4119 209 75 198
4120 209 198 126
4121 209 198 75
4122 75 209 60
4123 75 240 60
4124 209 75 60
4125 209 75 129
4126 129 75 209
4127 209 198 75
4128 209 198 75
4129 209 198 75
4130 75 240 98
4131 75 129 98
4132 75 129 209
4133 209 75 129
4134 75 209 59
4135 75 59 209
4136 209 75 59
4137 75 59 60
4138 75 59 166
4139 209 75 59
4140 75 59 166
4141 60 20 99
4142 60 75 99
4143 60 75 99
4144 60 20 99
4145 60 99 20
4146 60 99 20
4147 60 75 99
4148 60 99 75
4149 60 99 20
4150 60 75 198
4151 60 99 75
4152 60 99 75
4153 60 99 20
4154 60 99 20
4155 60 99 2
4156 156 124 226
4157 124 156 226
4158 156 124 226
4159 156 124 226
4160 226 124 156
4161 124 156 226
4162 156 124 226
4163 156 35 124
4164 156 35 143
4165 156 124 35
4166 156 35 124
4167 156 35 143
4168 156 35 143
4169 156 139 35
4170 156 139 143
4171 156 124 35
4172 156 124 35
4173 156 71 124
4174 156 139 71
4176 156 71 139
4177 156 124 71
4178 156 124 70
4179 156 71 124
4180 139 156 71
4181 71 156 139
4182 139 156 143
4183 156 124 35
4184 156 124 113
4185 156 124 70
4186 156 70 71
4187 156 124 70
4188 70 124 156
4189 70 156 124
4191 124 70 113
4192 70 46 124
4193 70 46 124
4194 46 70 124
4195 156 124 35
4196 56 157 173
4197 56 157 173
4198 173 56 157
4199 173 56 157
4200 173 133 190
4201 173 133 190
4202 173 157 56
4203 173 133 155
4204 173 133 155
4205 56 157 173
4206 56 157 173
4207 71 156 70
4208 71 70 156
4209 71 156 70
4210 71 156 70
4211 71 156 139
4212 71 156 70
4213 71 156 139
4214 71 156 139
4215 71 156 139
4216 71 139 156
4217 71 139 156
4218 71 139 156
4219 71 139 156
4220 71 139 156
4221 156 71 139
4222 156 139 71
4223 156 71 139
4224 156 71 139
4225 139 156 71
4226 71 139 156
4227 71 156 139
4228 71 156 124
4229 156 124 226
4230 156 124 226
4231 156 71 124
4232 156 124 226
4233 156 71 124
4234 156 124 71
4235 156 226 124
4236 156 226 124
4237 156 226 35
4238 226 156 124
4239 226 130 124
4240 156 124 226
4241 124 226 156
4242 124 113 130
4243 124 113 130
4244 124 156 113
4245 124 156 113
4246 124 113 156
4247 156 124 113
4248 156 124 113
4249 71 156 124
4250 156 71 124
4251 71 156 124
4252 71 156 139
4253 156 124 113
4254 124 156 113
4255 124 113 156
4256 130 113 33
4257 130 226 113
4258 130 226 113
4259 130 113 226
4260 130 226 33
4261 130 33 226
4262 130 33 113
4263 130 33 113
4264 130 113 33
4265 130 113 33
4266 156 35 226
4267 156 139 35
4268 139 156 35
4269 139 156 35
4270 139 156 71
4271 139 156 71
4272 139 156 35
4273 139 156 226
4274 139 35 226
4275 139 226 35
4276 139 71 156
4277 139 71 156
4278 71 139 21
4279 71 139 156
4280 71 139 21
4281 71 21 54
4282 139 156 71
4283 139 71 156
4284 139 71 130
4285 71 139 156
4286 130 139 33
4287 71 139 130
4288 130 33 71
4289 71 139 21
4290 130 33 226
4291 139 130 226
4292 226 130 33
4293 130 226 33
4294 226 130 33
4295 226 35 130
4296 226 35 130
4297 226 35 130
4298 139 226 130
4299 130 226 33
4300 130 226 33
4301 71 54 21
4302 35 226 130
4303 35 226 156
4304 35 226 156
4305 56 157 173
4306 133 173 155
4307 33 130 246
4308 61 76 57
4309 61 76 57
4310 61 76 57
4311 61 76 57
4312 61 76 57
4313 61 76 57
4314 61 76 57
4315 61 76 57
4316 61 76 57
4317 61 76 57
4318 61 76 57
4319 61 76 57
4320 61 76 57
4321 61 76 62
4322 61 76 62
4323 61 76 57
4324 61 76 57
4325 61 76 57
4326 61 76 62
4327 61 76 57
4328 61 76 62
4329 61 76 62
4330 61 76 62
4331 61 76 62
4332 61 57 76
4333 61 57 76
4334 57 61 43
4335 61 43 57
4336 61 76 57
4337 61 76 43
4338 61 76 62
4339 43 61 76
4340 43 61 76
4341 61 76 43
4343 61 76 62
4344 61 76 62
4345 61 76 62
4346 61 76 62
4347 76 61 62
4348 76 62 78
4349 76 62 78
4351 78 62 76
4352 78 76 62
4354 43 61 76
4355 43 106 146
4356 43 146 76
4357 202 43 57
4358 202 43 61
4359 202 43 57
4361 202 43 204
4362 43 202 61
4363 202 210 212
4364 202 210 43
4365 210 202 212
4366 210 202 211
4367 210 202 211
4368 202 210 204
4369 202 212 210
4370 202 57 212
4371 210 202 212
4372 57 202 43
4373 43 202 204
4374 202 204 43
4375 204 43 106
4376 43 106 204
4377 202 204 211
4378 211 202 210
4379 211 204 202
4380 204 211 202
4381 106 204 43
4382 106 43 146
4384 204 106 194
4385 106 204 182
4386 106 182 43
4387 204 211 106
4388 211 204 170
4389 204 211 194
4390 204 194 211
4393 95 146 77
4396 78 191 95
4397 106 146 43
4400 95 191 88
4401 91 181 90
4404 191 95 88
4407 181 180 84
4410 80 178 81
4411 182 106 91
4413 182 106 83
4414 182 83 106
4415 83 182 181
4416 83 182 181
4417 106 182 91
4418 106 182 91
4419 78 191 62
4420 78 62 76
4421 191 95 78
4422 191 95 78
4423 78 191 62
4424 78 62 76
4425 191 95 80
4426 80 191 88
4427 80 191 95
4428 191 95 80
4429 61 76 62
4430 61 76 62
4431 61 76 62
4432 61 76 78
4433 61 76 62
4434 61 76 62
4435 61 76 62
4436 61 76 62
4437 61 76 62
4438 61 76 62
4439 61 76 57
4440 61 76 62
4441 61 76 62
4442 78 62 76
4443 78 76 62
4444 61 57 76
4445 61 57 76
4446 61 57 76
4447 61 57 76
4448 61 76 57
4449 61 76 57
4450 61 57 76
4451 61 57 76
4452 61 76 57
4453 61 76 57
4454 61 76 57
4455 61 76 57
4456 61 76 57
4457 61 76 57
4458 61 76 57
4459 61 76 62
4460 61 76 62
4461 61 76 62
4462 78 191 62
4463 82 13 81
4464 214 212 192
4465 212 214 57
4466 212 214 216
4467 214 212 207
4469 214 212 192
4470 214 212 192
4471 214 212 192
4472 214 192 212
4473 214 210 212
4474 210 214 212
4475 214 212 210
4476 214 212 210
4477 214 212 57
4478 210 169 202
4479 210 202 169
4480 210 202 212
4481 210 214 169
4482 210 169 135
4483 169 210 135
4484 210 169 202
4485 135 169 210
4486 169 135 210
4487 169 210 135
4488 169 210 170
4489 210 169 211
4490 135 214 210
4491 135 214 169
4492 135 169 210
4493 135 214 210
4494 135 214 192
4495 135 138 192
4496 135 138 136
4498 214 210 135
4499 210 135 214
4500 135 214 192
4501 135 192 138
4502 214 135 192
4503 135 138 192
4504 135 138 136
4505 138 135 136
4506 135 136 138
4507 135 136 138
4508 135 136 169
4509 135 169 136
4510 136 135 138
4512 136 135 150
4513 135 169 150
4514 135 169 210
4515 169 135 150
4516 211 170 210
4517 210 169 211
4518 169 210 170
4519 169 170 211
4521 169 150 170
4522 169 150 135
4523 169 150 149
4524 150 169 135
4525 150 169 149
4526 150 136 135
4528 136 138 135
4529 136 135 138
4530 136 172 138
4531 136 172 138
4532 172 136 138
4533 172 138 136
4534 138 172 136
4535 138 136 135
4536 138 192 135
4537 214 212 135
4538 210 202 211
4540 214 212 57
4541 214 212 192
4542 209 198 126
4544 236 198 131
4545 227 34 137
4546 227 127 34
4547 227 137 34
4550 33 130 246
4551 130 33 247
4553 130 113 33
4554 137 227 177
4555 137 227 177
4556 137 227 234
4557 137 227 93
4558 127 234 227
4559 137 177 93
4560 226 124 130
4561 226 130 113
4562 130 113 33
4563 113 130 33
4564 130 113 33
4565 172 215 58
4566 215 58 172
4568 150 169 149
4569 170 169 149
4570 265 446 383
4572 395 378 431
4573 395 431 369
4574 335 406 321
4575 335 406 418
4576 306 291 292
4578 335 375 273
4579 273 375 291
4580 375 307 324
4582 291 306 292
4583 291 306 292
4585 291 273 306
4586 291 306 287
4587 291 306 292
4588 291 273 306
4589 291 287 306
4590 291 287 306
4591 291 287 306
4593 287 291 306
4594 291 287 306
4595 291 287 306
4596 287 291 306
4597 287 291 306
4598 291 287 306
4599 291 287 306
4600 291 287 306
4601 291 287 306
4602 291 287 306
4603 291 306 287
4604 291 287 306
4605 291 306 287
4606 291 287 306
4607 291 287 306
4608 291 287 306
4609 291 306 287
4610 291 306 287
4611 291 306 292
4612 291 306 287
4613 291 306 292
4614 291 306 292
4615 291 306 292
4616 291 306 292
4617 291 306 292
4620 306 291 292
4621 308 292 306
4624 308 292 306
4625 324 415 308
4626 308 292 415
4627 415 324 308
4628 308 292 306
4629 308 292 306
4630 308 292 415
4631 415 308 324
4632 306 291 308
4633 291 306 292
4634 291 306 292
4635 306 291 308
4636 291 306 292
4637 291 306 292
4638 291 306 292
4639 291 306 292
4640 291 306 292
4641 291 306 292
4642 291 306 292
4643 291 306 292
4644 291 306 287
4645 291 306 287
4646 291 306 292
4647 291 287 306
4648 291 287 306
4649 291 287 306
4650 291 287 306
4651 291 287 306
4652 291 287 306
4653 291 287 306
4654 291 287 306
4655 291 287 306
4656 291 287 306
4657 291 287 306
4658 291 287 306
4659 291 287 306
4660 291 287 306
4661 291 287 306
4662 291 287 306
4663 291 287 306
4664 291 287 306
4665 291 287 306
4666 287 291 306
4668 335 321 406
4669 321 320 319
4670 406 335 321
4671 405 321 404
4674 406 313 405
4675 405 314 404
4676 313 406 405
4680 314 17 315
4681 316 317 315
4685 317 312 14
4688 17 84 16
4689 15 14 86
4691 14 13 82
4693 84 181 85
4694 86 87 178
4695 81 87 82
4696 81 82 178
4697 81 178 80
4698 82 87 81
4699 82 81 87
4700 81 82 178
4701 81 80 178
4702 81 82 87
4703 81 80 178
4704 80 81 178
4705 80 191 95
4706 80 81 88
4707 191 95 80
4708 80 81 88
4709 13 312 14
4710 13 312 14
4711 82 13 81
4712 13 82 14
4713 312 317 13
4714 312 311 317
4715 311 312 317
4716 311 312 402
4717 311 402 317
4718 311 402 312
4719 312 311 317
4721 311 310 402
4722 310 311 402
4723 311 402 310
4724 312 317 13
4725 13 14 312
4726 311 310 402
4727 310 311 318
4728 13 82 14
4729 83 18 84
4730 18 83 17
4733 83 182 18
4734 18 313 314
4735 403 402 316
4737 318 319 310
4741 310 318 272
4742 310 415 324
4743 415 310 324
4744 310 318 415
4745 310 415 324
4746 415 324 310
4747 415 324 407
4748 415 324 308
4749 308 415 324
4751 415 324 407
4752 324 325 415
4753 83 182 194
4754 194 83 201
4755 83 201 182
4756 83 201 182
4757 182 194 106
4758 182 83 194
4759 194 182 106
4760 182 194 83
4761 83 182 201
4762 194 204 106
4763 194 106 182
4764 194 204 32
4765 194 32 204
4766 194 182 204
4767 32 140 194
4768 32 194 140
4769 32 211 194
4770 211 32 170
4771 211 204 170
4772 211 170 204
4773 140 32 176
4776 170 211 140
4777 170 211 149
4778 211 170 204
4779 170 211 169
4781 211 170 204
4783 194 32 201
4784 194 182 201
4785 106 182 194
4786 83 182 18
4787 210 211 202
4788 291 306 308
4789 308 292 306
4790 291 306 287
4791 291 306 287
4792 291 306 292
4793 291 306 292
4794 291 306 292
4795 291 306 292
4796 291 306 308
4797 291 306 308
4798 308 292 306
4799 306 291 292
4800 308 292 306
4801 291 306 292
4802 308 306 292
4803 308 292 306
4804 308 292 415
4805 415 308 324
4806 415 324 308
4807 415 324 310
4808 310 415 324
4809 308 292 306
4810 191 95 78
4811 191 78 95
4812 78 62 191
4813 78 62 76
4814 78 76 62
4815 301 284 298
4816 301 284 383
4817 301 298 284
4818 130 33 226
