0.031862745098039214 0.3843329253365973
0.09313725490196079 0.2962056303549572
0.18382352941176472 0.2533659730722154
0.20833333333333334 0.2778457772337821
0.24632352941176472 0.28518971848225216
0.29411764705882354 0.27539779681762544
0.3125 0.2533659730722154
0.40931372549019607 0.3023255813953488
0.46568627450980393 0.38555691554467564
0.41421568627450983 0.41982864137086906
0.375 0.39167686658506734
0.3541666666666667 0.5067319461444308
0.37254901960784315 0.6376988984088128
0.2512254901960784 0.653610771113831
0.12622549019607843 0.642594859241126
0.14338235294117646 0.5152998776009792
0.12622549019607843 0.3990208078335373
0.08823529411764706 0.423500611995104