v 0.6225490196078431 0.6499388004895961
v 0.6409313725490197 0.5104039167686658
v 0.6176470588235294 0.408812729498164
v 0.5870098039215687 0.43818849449204406
v 0.5318627450980392 0.3953488372093023
v 0.5906862745098039 0.3084455324357405
v 0.6948529411764706 0.2533659730722154
v 0.7205882352941176 0.2558139534883721
v 0.7475490196078431 0.25703794369645044
v 0.7769607843137255 0.2582619339045288
v 0.8002450980392157 0.25458996328029376
v 0.8995098039215687 0.2974296205630355
v 0.9644607843137255 0.3929008567931457
v 0.9117647058823529 0.44063647490820074
v 0.8774509803921569 0.4112607099143207
v 0.8566176470588235 0.5116279069767442
v 0.8725490196078431 0.6499388004895961
v 0.7463235294117647 0.6340269277845777
t 3 4 5
t 3 5 6
t 3 6 7
t 3 7 8
t 3 8 9
t 3 9 15
t 15 9 10
t 15 10 11
t 15 11 12
t 12 13 15
t 13 14 15
t 3 15 16
t 2 3 16
t 1 2 18
t 2 18 16
t 16 17 18