v 0.6171875 0.6552734375
v 0.634765625 0.521484375
v 0.615234375 0.416015625
v 0.5859375 0.443359375
v 0.525390625 0.3955078125
v 0.591796875 0.2958984375
v 0.6953125 0.248046875
v 0.7197265625 0.2509765625
v 0.748046875 0.2548828125
v 0.7744140625 0.251953125
v 0.798828125 0.248046875
v 0.8984375 0.291015625
v 0.9697265625 0.39453125
v 0.916015625 0.4443359375
v 0.880859375 0.4140625
v 0.8623046875 0.509765625
v 0.876953125 0.6572265625
v 0.75 0.638671875
t 3 4 5
t 3 5 6
t 3 6 7
t 3 7 8
t 3 8 9
t 3 9 15
t 15 9 10
t 15 10 11
t 15 11 12
t 12 13 15
t 13 14 15
t 3 15 16
t 2 3 16
t 1 2 18
t 2 18 16
t 16 17 18