v 0.125 0.642594859241126
v 0.14215686274509803 0.5128518971848225
v 0.12377450980392157 0.401468788249694
v 0.08823529411764706 0.4283965728274174
v 0.03308823529411765 0.3843329253365973
v 0.09926470588235294 0.28886168910648713
v 0.1875 0.25458996328029376
v 0.19240196078431374 0.26805385556915545
v 0.21446078431372548 0.2778457772337821
v 0.24754901960784315 0.28151774785801714
v 0.28431372549019607 0.2766217870257038
v 0.3075980392156863 0.26438188494492043
v 0.3125 0.24969400244798043
v 0.40931372549019607 0.2962056303549572
v 0.46691176470588236 0.3843329253365973
v 0.4117647058823529 0.4259485924112607
v 0.3762254901960784 0.39167686658506734
v 0.3590686274509804 0.5030599755201959
v 0.37745098039215685 0.6401468788249693
v 0.24877450980392157 0.653610771113831
t 3 4 5
t 3 5 6
t 6 7 8
t 6 8 9
t 3 6 9
t 3 9 10
t 3 10 17
t 10 11 17
t 11 12 17
t 17 14 12
t 12 13 14
t 14 15 17
t 15 16 17
t 3 17 18
t 2 3 18
t 1 2 20
t 2 18 20
t 18 19 20