v 0.1162109375 0.650390625
v 0.1357421875 0.51171875
v 0.1171875 0.404296875
v 0.0830078125 0.43359375
v 0.025390625 0.384765625
v 0.095703125 0.2861328125
v 0.18359375 0.24609375
v 0.1904296875 0.2587890625
v 0.2080078125 0.2685546875
v 0.2412109375 0.2734375
v 0.2734375 0.2685546875
v 0.302734375 0.255859375
v 0.3095703125 0.2431640625
v 0.404296875 0.28515625
v 0.46875 0.384765625
v 0.4111328125 0.4296875
v 0.3779296875 0.3974609375
v 0.36328125 0.498046875
v 0.3828125 0.6484375
v 0.2529296875 0.6611328125
t 3 4 5
t 3 5 6
t 6 7 8
t 3 8 9
t 3 6 8
t 3 9 10
t 3 10 17
t 10 11 17
t 11 12 17
t 17 14 12
t 12 13 14
t 14 15 17
t 15 16 17
t 3 17 18
t 2 3 18
t 1 2 20
t 2 18 20
t 18 19 20