414 384 385 286
415 286 414 384
418 398 384 414
422 258 442 286
423 384 385 286
424 384 385 286
425 258 442 286
426 441 286 442
427 384 385 286
428 258 286 385
429 258 286 385
430 443 282 442
431 442 258 443
432 442 258 443
433 257 443 258
434 442 258 443
435 257 443 258
436 444 443 259
437 443 444 282
438 257 259 443
439 444 443 259
440 257 259 443
441 444 443 259
442 445 444 260
443 444 445 283
444 445 444 260
445 445 444 260
446 259 260 444
447 445 444 260
448 445 342 276
449 445 342 276
450 445 342 276
451 445 342 276
452 276 283 445
453 445 444 260
454 445 342 276
455 445 342 276
456 276 353 300
457 300 293 276
458 445 342 276
459 276 353 300
460 276 283 445
461 276 283 445
462 383 300 353
463 276 353 300
464 276 353 300
465 383 300 353
466 276 353 300
467 353 276 342
468 300 383 301
469 300 383 301
470 300 383 301
471 300 383 301
472 300 383 301
473 300 383 301
474 383 300 353
475 383 300 353
476 383 372 368
477 368 301 383
478 383 300 353
479 353 265 383
480 383 300 353
481 353 265 383
482 368 301 383
483 368 301 383
484 300 383 301
485 368 301 383
486 300 383 301
487 300 383 301
488 383 372 368
489 368 301 383
490 368 301 383
491 383 372 368
492 383 300 353
493 383 300 353
494 383 300 353
495 383 300 353
496 353 276 342
497 353 276 342
498 353 276 342
499 353 276 342
500 353 276 342
501 353 276 342
502 353 276 342
503 353 276 342
504 300 383 301
505 276 353 300
506 301 298 300
507 276 353 300
508 301 298 300
509 301 298 300
510 301 298 300
511 301 298 300
512 300 293 276
513 300 293 276
514 283 276 293
515 283 276 293
516 293 300 298
517 293 300 298
518 293 300 298
519 298 333 293
520 444 445 283
521 444 445 283
522 444 443 259
523 444 443 259
524 444 445 283
525 444 445 283
526 283 282 444
527 283 282 444
528 443 282 442
529 443 444 282
530 443 444 282
531 443 282 442
532 283 282 444
533 282 283 334
534 282 283 334
535 295 442 282
536 283 276 293
537 293 334 283
538 443 444 282
539 443 282 442
540 443 282 442
541 443 444 282
542 443 444 282
543 443 282 442
544 445 342 276
545 445 342 276
546 260 467 445
547 342 445 467
554 445 342 276
555 353 276 342
556 342 445 467
557 342 445 467
558 353 276 342
559 353 276 342
560 342 445 467
561 342 445 467
562 342 446 353
563 353 276 342
564 353 276 342
565 467 359 342
566 342 445 467
567 342 445 467
614 442 258 443
615 442 258 443
616 258 442 286
617 258 442 286
618 441 286 442
619 441 286 442
620 286 414 384
621 441 286 442
622 258 442 286
623 441 286 442
624 441 286 442
625 258 442 286
626 441 286 442
627 441 286 442
628 295 442 282
629 295 442 282
630 295 285 442
631 295 442 282
632 295 285 442
633 441 442 285
634 441 442 285
635 295 285 442
636 441 442 285
637 295 285 442
638 296 336 295
639 285 295 336
640 441 442 285
641 441 286 442
642 441 413 286
643 441 413 286
644 441 413 286
645 441 413 286
646 441 413 286
647 414 286 413
648 441 442 285
649 441 413 286
650 414 286 413
651 414 286 413
652 441 413 286
653 414 286 413
654 413 464 414
655 413 464 414
656 413 464 414
657 413 464 414
658 413 464 414
659 413 441 417
660 413 464 414
661 413 441 417
662 413 441 417
663 413 441 417
664 417 465 413
665 441 442 285
666 285 417 441
667 285 295 336
668 285 295 336
669 296 336 295
670 336 296 337
671 285 295 336
672 336 9 285
673 336 9 285
674 336 9 285
675 336 9 285
676 9 336 151
677 337 151 336
678 337 151 336
679 337 299 338
680 338 10 337
681 337 151 336
682 299 337 296
683 151 337 10
684 337 151 336
685 296 334 299
686 299 337 296
687 299 337 296
688 299 337 296
689 297 338 299
690 337 299 338
691 295 282 296
692 296 334 299
693 296 336 295
694 295 282 296
695 295 282 296
696 295 282 296
697 442 258 443
698 286 414 384
699 414 286 413
700 398 384 414
701 286 414 384
702 414 286 413
703 414 286 413
704 414 463 398
705 414 463 398
706 414 463 398
707 398 384 414
708 414 463 398
709 414 463 398
710 362 398 463
711 398 362 382
712 398 362 382
713 414 463 398
714 398 362 382
715 381 384 382
716 381 382 256
717 381 384 382
718 381 384 382
719 381 384 382
720 380 385 381
721 380 385 381
722 374 380 253
723 374 386 380
724 374 386 380
725 380 385 381
726 381 382 256
727 380 381 252
728 380 381 252
729 381 382 256
730 252 253 380
731 374 380 253
732 463 341 362
733 382 362 341
734 398 362 382
735 382 362 341
736 398 382 384
737 414 463 398
738 398 382 384
739 398 384 414
740 398 382 384
741 398 382 384
742 381 384 382
743 384 381 385
744 384 381 385
745 398 382 384
746 362 398 463
747 414 463 398
748 414 463 398
749 413 464 414
750 286 414 384
751 398 384 414
752 398 384 414
753 398 384 414
1021 384 381 385
1024 385 380 386
1047 333 298 332
1048 284 332 298
1049 333 298 332
1050 298 333 293
1051 334 293 333
1052 334 293 333
1053 333 298 332
1054 333 299 334
1055 333 299 334
1056 334 293 333
1057 299 333 297
1058 299 333 297
1059 333 299 334
1060 299 333 297
1061 332 297 333
1062 251 284 301
1063 251 284 301
1064 301 368 251
1065 301 368 251
1066 389 251 368
1067 296 334 299
1068 334 296 282
1069 282 283 334
1070 293 334 283
1071 334 296 282
1072 293 300 298
1073 298 301 284
1074 251 284 301
1075 298 301 284
1076 350 452 357
1077 453 357 452
1078 453 357 452
1079 350 452 357
1080 465 357 464
1081 465 357 464
1082 412 343 465
1083 357 343 350
1084 277 350 343
1085 464 453 463
1086 464 453 463
1087 453 452 341
1088 341 463 453
1089 256 341 452
1090 256 341 452
1091 463 414 464
1092 463 414 464
1093 463 414 464
1094 382 362 341
1095 341 256 382
1096 451 252 452
1097 256 252 381
1098 252 451 253
1099 252 253 380
1100 450 253 451
1101 253 450 254
1102 449 254 450
1103 254 373 253
1104 254 373 253
1105 374 253 373
1106 254 449 339
1107 254 339 373
1108 254 449 339
1109 448 339 449
1110 448 339 449
1111 390 339 249
1112 254 339 373
1113 254 373 253
1114 390 373 339
1115 390 373 339
1116 390 373 339
1117 374 253 373
1118 255 249 339
1119 255 249 339
1120 359 263 255
1121 249 255 263
1122 249 255 263
1123 390 339 249
1124 359 255 446
1125 359 255 446
1126 359 255 446
1127 359 255 446
1128 359 467 263
1129 359 263 255
1130 265 353 446
1131 446 342 359
1132 265 353 446
1133 342 446 353
1134 446 342 359
1135 446 342 359
1136 446 261 265
1137 446 261 265
1138 446 261 265
1139 446 261 265
1140 265 353 446
1141 265 353 446
1142 265 353 446
1143 342 446 353
1144 353 265 383
1145 353 265 383
1146 342 446 353
1147 342 446 353
1148 372 383 265
1149 353 265 383
1150 372 383 265
1151 353 265 383
1152 467 359 342
1153 359 467 263
1154 467 359 342
1155 467 359 342
1156 467 359 342
1157 466 263 467
1158 359 467 263
1159 466 249 263
1160 466 263 467
1161 388 390 466
1162 261 255 448
1163 261 446 255
1164 261 446 255
1165 261 255 448
1166 339 448 255
1167 339 448 255
1168 448 346 261
1169 340 261 346
1170 340 265 261
1171 448 346 261
1172 340 265 261
1173 340 265 261
1174 449 347 448
1175 346 448 347
1176 448 346 261
1177 449 347 448
1178 390 388 373
1179 373 387 374
1180 390 388 373
1181 390 388 373
1182 373 387 374
1183 373 387 374
1184 374 253 373
1185 374 253 373
1186 374 253 373
1187 374 386 380
1188 374 386 380
1189 374 386 380
1190 373 387 374
1191 386 374 387
1192 374 386 380
1193 373 387 374
1194 387 373 388
1195 387 373 388
1196 373 387 374
1197 249 466 390
1198 388 390 466
1199 449 254 450
1200 450 348 449
1201 450 348 449
1202 347 449 348
1203 347 449 348
1204 449 347 448
1205 450 348 449
1206 348 330 347
1207 348 330 347
1208 347 280 346
1209 348 330 347
1210 280 347 330
1211 330 348 329
1212 330 329 266
1213 266 425 330
1214 280 330 425
1215 346 448 347
1216 347 280 346
1217 352 346 280
1218 340 261 346
1219 340 346 345
1220 340 346 345
1221 340 346 345
1222 340 346 345
1223 345 372 340
1224 265 340 372
1225 345 372 340
1226 345 372 340
1227 345 372 340
1228 265 340 372
1229 352 345 346
1230 352 345 346
1231 352 345 346
1232 345 352 447
1233 345 352 447
1234 345 352 447
1235 352 345 346
1236 352 346 280
1237 352 346 280
1238 352 345 346
1239 352 346 280
1240 347 280 346
1241 280 411 352
1242 352 346 280
1243 376 352 411
1244 280 411 352
1245 280 411 352
1246 376 352 411
1247 280 411 352
1248 280 411 352
1249 427 411 425
1250 427 411 425
1251 280 425 411
1252 280 425 411
1253 280 425 411
1254 280 425 411
1255 280 330 425
1256 280 330 425
1257 330 329 266
1258 266 425 330
1259 371 358 266
1260 266 425 330
1261 425 266 426
1262 266 425 330
1263 423 266 358
1264 423 426 266
1265 423 266 358
1266 423 426 266
1267 423 426 266
1268 423 426 266
1269 423 391 426
1270 423 426 266
1271 423 426 266
1272 423 391 426
1273 358 327 423
1274 358 327 423
1275 423 266 358
1276 358 327 423
1277 371 358 266
1278 358 327 423
1279 327 358 294
1280 358 327 423
1281 371 358 266
1282 371 358 266
1283 358 371 429
1284 358 371 429
1285 280 330 425
1286 425 266 426
1287 425 426 427
1288 280 425 411
1289 425 426 427
1290 425 426 427
1291 425 266 426
1292 425 266 426
1293 371 329 355
1294 371 329 355
1295 371 266 329
1296 330 329 266
1297 349 329 348
1298 350 277 349
1299 329 349 277
1300 349 329 348
1301 277 350 343
1302 355 277 437
1303 277 355 329
1304 349 329 348
1305 330 348 329
1306 277 355 329
1307 355 429 371
1308 355 277 437
1309 437 420 355
1310 451 349 450
1311 451 349 450
1312 348 450 349
1313 348 450 349
1314 450 253 451
1315 252 451 253
1316 349 451 350
1317 451 252 452
1318 451 252 452
1319 464 413 465
1320 464 413 465
1321 417 465 413
1322 464 413 465
1323 417 465 413
1324 417 351 465
1325 417 351 465
1326 412 465 351
1327 417 168 351
1328 417 168 351
1329 417 168 351
1330 351 419 412
1331 6 168 122
1332 6 351 168
1333 6 351 168
1334 6 168 122
1335 417 168 351
1336 193 122 168
1337 122 196 6
1338 351 6 419
1339 197 6 196
1340 197 419 6
1341 399 412 419
1342 351 419 412
1343 6 168 122
1344 122 196 6
1345 122 188 196
1346 122 188 196
1347 174 196 188
1348 197 6 196
1349 6 168 122
1350 193 122 168
1351 193 122 168
1352 193 122 168
1353 168 8 193
1354 55 193 8
1355 168 8 193
1356 168 8 193
1357 55 193 8
1358 168 8 193
1359 8 9 55
1360 8 9 55
1361 8 9 55
1362 8 9 55
1363 107 55 9
1364 8 9 55
1365 8 285 9
1366 8 285 9
1367 285 8 417
1368 285 8 417
1369 8 285 9
1370 168 417 8
1371 168 417 8
1372 193 189 245
1373 193 122 168
1374 55 193 8
1375 193 189 245
1376 55 193 8
1377 55 221 193
1378 188 245 114
1379 188 122 245
1380 193 245 122
1381 193 245 122
1382 188 114 174
1383 188 114 174
1384 217 174 114
1385 174 196 188
1386 174 236 196
1387 174 236 196
1388 217 198 174
1389 217 198 174
1390 236 174 198
1391 3 196 236
1392 196 3 197
1393 196 3 197
1394 195 197 3
1395 195 197 3
1396 236 174 198
1397 236 174 198
1398 236 198 134
1399 236 198 134
1400 134 51 236
1401 3 236 51
1402 209 198 126
1403 209 198 126
1404 217 126 198
1405 209 198 126
1406 217 126 198
1407 217 126 198
1408 126 217 47
1409 126 217 47
1410 217 126 198
1411 114 47 217
1412 47 114 121
1413 47 114 121
1414 114 47 217
1415 128 121 114
1416 121 128 232
1417 231 232 22
1418 120 121 231
1419 121 128 232
1420 231 230 120
1421 231 230 120
1422 120 119 100
1423 121 120 47
1424 233 232 128
1425 233 232 128
1426 245 244 128
1427 245 244 128
1428 120 119 100
1429 100 47 120
1430 142 126 100
1431 47 100 126
1432 419 197 248
1433 195 248 197
1434 248 456 419
1435 399 419 456
1436 248 195 281
1437 248 281 456
1438 195 197 3
1439 5 195 51
1440 248 195 281
1441 363 456 281
1442 5 195 51
1443 5 281 195
1444 5 195 51
1445 281 5 275
1446 281 275 363
1447 363 456 281
1448 4 5 45
1449 281 5 275
1450 4 45 1
1451 4 1 275
1452 275 274 440
1453 440 363 275
1454 51 45 5
1455 51 45 5
1456 51 134 45
1457 220 45 134
1458 45 220 44
1459 4 45 1
1460 3 51 195
1461 5 195 51
1462 134 51 236
1463 456 363 420
1464 456 363 420
1465 456 363 420
1466 360 420 363
1467 363 440 360
1468 360 420 363
1469 437 399 420
1470 456 420 399
1471 456 420 399
1472 456 420 399
1473 3 51 195
1474 399 419 456
1475 399 412 419
1476 437 399 420
1477 437 343 399
1478 412 399 343
1479 412 399 343
1480 343 437 277
1481 343 437 277
1482 437 420 355
1483 437 420 355
1484 417 465 413
1485 285 8 417
1486 285 417 441
1487 285 8 417
1488 285 417 441
1489 285 8 417
1490 285 417 441
1491 285 417 441
1492 417 465 413
1493 327 460 326
1494 327 294 460
1495 327 294 460
1496 327 460 326
1497 327 358 294
1498 327 358 294
1499 327 294 460
1500 289 305 455
1501 326 393 327
1502 326 393 327
1503 326 393 327
1504 328 326 460
1505 326 393 327
1506 327 460 326
1507 326 393 327
1508 328 326 460
1509 393 164 267
1510 326 393 327
1511 326 393 327
1512 393 326 164
1513 391 393 269
1514 391 327 393
1515 393 164 267
1516 393 164 267
1517 393 326 164
1518 393 326 164
1519 393 326 164
1520 393 326 164
1521 0 267 164
1522 393 164 267
1523 393 164 267
1524 393 164 267
1525 267 269 393
1526 267 269 393
1527 267 0 302
1528 267 302 269
1529 267 0 302
1530 312 268 13
1531 268 312 271
1532 268 312 271
1533 267 269 393
1534 267 269 393
1535 391 393 269
1536 391 393 269
1537 269 303 270
1538 391 393 269
1539 303 271 304
1540 269 303 270
1541 303 269 302
1542 311 271 312
1543 271 311 272
1544 310 272 311
1545 391 269 322
1546 391 269 322
1547 391 393 269
1548 270 322 269
1549 391 269 322
1550 391 269 322
1551 391 269 322
1552 391 393 269
1553 304 272 408
1554 270 322 269
1555 415 407 310
1556 304 408 270
1557 322 270 410
1558 270 322 269
1559 272 310 407
1560 415 407 310
1561 272 310 407
1562 272 310 407
1563 272 310 407
1564 415 310 324
1565 415 407 310
1566 409 270 408
1567 308 415 324
1568 407 415 292
1569 409 410 270
1570 322 270 410
1571 415 310 324
1572 308 415 324
1573 415 310 324
1574 308 415 324
1575 391 423 327
1576 391 327 393
1577 391 269 322
1578 391 423 327
1579 391 423 327
1580 391 327 393
1581 322 426 391
1582 322 426 391
1583 322 426 391
1584 322 426 391
1585 304 270 303
1586 310 272 311
1587 310 311 318
1588 272 310 407
1589 310 272 311
1590 310 311 318
1591 310 311 318
1592 318 324 310
1593 271 311 272
1594 311 312 402
1595 402 318 311
1596 310 272 311
1597 391 393 269
1598 391 393 269
1599 391 327 393
1600 391 327 393
1601 327 460 326
1602 391 423 327
1603 267 302 269
1604 271 303 268
1605 268 312 271
1606 311 271 312
1607 312 268 13
1608 312 13 317
1609 317 402 312
1610 311 312 402
1611 12 13 268
1612 312 268 13
1613 12 13 268
1614 12 13 268
1615 14 317 13
1616 312 13 317
1617 0 267 164
1618 0 164 37
1619 11 0 72
1620 11 302 0
1621 0 164 37
1622 37 72 0
1623 82 13 38
1624 12 38 13
1625 0 267 164
1626 11 302 0
1627 12 38 13
1628 82 13 38
1629 82 87 13
1630 82 87 13
1636 311 271 312
1637 311 312 402
1638 0 267 164
1639 0 267 164
1640 0 267 164
1641 0 267 164
1642 2 164 326
1643 2 97 164
1644 0 164 37
1645 2 164 326
1646 2 97 164
1647 167 164 97
1648 167 164 97
1649 167 37 164
1650 2 164 326
1651 2 97 164
1652 2 164 326
1653 2 97 164
1654 2 97 164
1655 2 97 164
1656 94 141 2
1657 97 2 141
1658 2 97 164
1659 2 164 326
1660 97 2 141
1661 97 2 141
1662 2 164 326
1663 326 370 2
1664 2 164 326
1665 2 164 326
1666 326 370 2
1667 326 370 2
1668 2 164 326
1669 2 164 326
1670 2 164 326
1671 290 328 305
1672 328 462 326
1673 328 462 326
1674 290 328 305
1675 328 462 326
1676 393 326 164
1677 141 242 97
1678 97 2 141
1679 97 2 141
1680 94 141 2
1681 94 141 2
1682 94 141 2
1693 242 141 241
1694 20 242 238
1695 94 141 2
1696 94 141 2
1697 141 94 125
1698 141 94 125
1699 370 326 462
1700 94 2 370
1701 326 370 2
1702 326 370 2
1703 94 2 370
1704 462 461 370
1705 250 458 462
1706 370 354 94
1717 167 164 97
1718 167 164 97
1719 99 97 242
1720 99 240 97
1721 99 240 97
1722 97 98 167
1723 167 164 97
1724 167 37 164
1725 167 164 97
1726 167 37 164
1727 98 97 240
1728 97 98 167
1729 60 75 99
1730 98 97 240
1731 60 75 99
1732 60 75 99
1733 60 75 99
1734 59 235 75
1735 99 97 242
1736 99 97 242
1737 97 98 167
1738 97 98 167
1739 98 97 240
1740 97 98 167
1741 2 164 326
1742 0 164 37
1743 167 37 164
1744 290 328 305
1745 290 328 305
1746 358 371 429
1747 331 294 358
1748 358 371 429
1749 331 294 358
1750 392 289 439
1751 331 294 358
1752 429 279 358
1753 429 420 279
1754 429 279 358
1755 429 420 279
1756 289 392 305
1757 460 455 305
1758 290 305 392
1759 289 392 305
1833 392 309 290
1834 250 290 309
1836 250 309 458
1838 250 309 458
1844 250 458 462
1860 354 370 461
1861 354 370 461
1862 19 125 94
1863 19 125 94
1864 20 238 79
1865 20 242 238
1866 125 241 141
1867 125 241 141
1872 20 79 60
1875 20 238 79
1888 237 239 241
1889 239 79 238
1890 237 220 218
1891 115 218 220
1892 79 218 166
1893 166 219 59
1894 219 166 218
1895 131 198 49
1896 209 49 198
1897 115 220 131
1898 131 134 198
1899 131 198 49
1900 209 49 198
1901 134 131 220
1902 134 131 220
1903 60 166 75
1904 166 60 79
1905 166 60 79
1906 59 75 166
1907 44 1 45
1908 1 44 19
1909 274 275 1
1910 457 461 459
1911 459 458 309
1912 309 392 438
1913 344 440 438
1914 457 438 440
1915 363 440 360
1916 344 360 440
1917 360 279 420
1918 439 438 392
1919 360 279 420
1920 429 420 279
1921 429 420 279
1922 429 355 420
1923 429 355 420
1924 429 279 358
1925 358 371 429
1926 358 371 429
1927 355 429 371
1928 429 355 420
1929 437 420 355
1930 355 429 371
1931 358 371 429
1932 392 309 290
1933 358 371 429
1934 447 264 345
1935 372 345 264
1936 447 264 345
1937 447 264 345
1938 447 264 345
1939 264 368 372
1940 366 447 352
1941 447 366 454
1942 447 366 454
1943 366 447 352
1944 447 366 454
1945 447 366 454
1946 264 447 356
1947 264 447 356
1948 366 401 323
1949 366 401 323
1950 366 401 323
1951 366 401 323
1952 366 401 323
1953 323 454 366
1954 361 401 288
1955 361 323 401
1956 366 401 323
1957 366 401 323
1958 361 401 288
1959 454 356 447
1960 454 356 447
1961 435 288 401
1962 435 288 401
1963 435 288 401
1964 435 401 433
1965 435 288 401
1966 435 401 433
1967 435 288 401
1968 397 367 365
1969 397 367 365
1970 397 367 365
1971 367 397 435
1972 367 397 435
1973 367 397 435
1974 367 435 416
1975 367 397 435
1976 367 435 416
1977 367 435 416
1978 367 397 435
1979 367 435 416
1980 367 435 416
1981 433 416 435
1982 367 416 364
1983 367 416 364
1984 364 365 367
1985 367 416 364
1986 367 416 364
1987 367 416 364
1988 364 365 367
1989 434 364 416
1990 434 364 416
1991 367 416 364
1992 434 364 416
1993 434 430 364
1994 367 416 364
1995 434 364 416
1996 434 364 416
1997 434 364 416
1998 434 364 416
1999 367 416 364
2000 434 364 416
2001 367 435 416
2002 433 416 435
2003 367 397 435
2004 435 401 433
2005 433 416 435
2006 435 401 433
2007 433 416 435
2008 433 376 416
2009 433 416 435
2010 376 433 401
2011 433 376 416
2012 376 433 401
2013 376 433 401
2014 376 433 401
2015 411 416 376
2016 435 401 433
2017 376 433 401
2018 401 366 376
2019 401 366 376
2020 401 366 376
2021 435 401 433
2022 435 401 433
2023 367 397 435
2024 401 366 376
2025 401 366 376
2026 366 447 352
2027 401 366 376
2028 401 366 376
2029 366 447 352
2030 352 376 366
2031 352 376 366
2032 352 376 366
2033 352 376 366
2034 345 352 447
2035 352 376 366
2036 366 447 352
2037 376 352 411
2038 376 352 411
2039 376 352 411
2040 376 352 411
2041 366 447 352
2042 264 447 356
2043 368 264 389
2044 264 447 356
2045 356 389 264
2046 368 264 389
2047 264 368 372
2048 368 264 389
2049 368 264 389
2050 368 264 389
2051 368 264 389
2052 383 372 368
2053 368 301 383
2054 389 251 368
2055 301 368 251
2056 389 251 368
2057 264 447 356
2058 356 389 264
2059 383 372 368
2060 264 368 372
2061 264 368 372
2062 383 372 368
2063 383 372 368
2064 372 383 265
2065 383 372 368
2066 372 345 264
2067 372 383 265
2068 372 383 265
2069 372 383 265
2070 173 190 157
2073 173 190 157
2078 173 157 155
2079 221 222 56
2080 157 56 158
2081 56 157 190
2082 56 157 190
2083 157 56 158
2084 56 157 190
2085 173 190 157
2086 173 190 157
2087 56 157 190
2088 221 222 56
2089 56 157 190
2090 221 56 189
2091 190 189 56
2092 190 189 56
2093 28 56 222
2094 28 56 222
2095 221 222 56
2096 221 222 56
2097 28 56 222
2098 221 222 56
2099 221 222 56
2100 221 222 56
2101 65 222 55
2102 65 52 222
2103 65 52 222
2104 65 222 55
2105 65 52 222
2106 65 52 222
2107 223 222 52
2108 223 222 52
2109 65 222 55
2110 65 66 52
2111 66 65 107
2112 65 66 52
2113 65 66 52
2114 65 66 52
2115 66 65 107
2116 66 69 105
2117 66 65 107
2118 107 108 66
2119 69 66 108
2120 66 69 105
2121 105 52 66
2122 52 105 53
2123 105 52 66
2124 105 104 63
2125 52 105 53
2126 52 105 53
2127 223 52 224
2128 223 52 224
2129 53 224 52
2130 53 224 52
2131 53 224 52
2132 223 52 224
2133 224 29 223
2134 223 52 224
2135 223 222 52
2136 223 222 52
2137 46 225 53
2138 46 225 53
2139 224 53 225
2140 224 53 225
2141 46 225 53
2142 224 53 225
2143 63 53 105
2144 53 63 46
2145 53 63 46
2146 53 63 46
2147 222 223 28
2148 222 223 28
2149 223 222 52
2150 222 223 28
2151 223 222 52
2152 222 223 28
2153 28 56 222
2154 28 56 222
2155 224 29 223
2156 223 52 224
2157 224 29 223
2158 223 52 224
2159 68 63 104
2160 105 104 63
2161 105 104 63
2162 68 63 104
2163 104 105 69
2164 104 105 69
2165 104 103 68
2166 104 103 68
2167 63 68 70
2168 63 68 70
2169 54 68 103
2170 68 54 71
2171 71 70 68
2172 69 67 104
2173 103 104 67
2174 104 103 68
2175 70 71 156
2176 71 70 68
2177 68 54 71
2178 21 71 54
2179 21 71 54
2180 21 71 54
2181 63 68 70
2182 63 68 70
2183 70 46 63
2184 71 70 68
2185 71 70 68
2186 70 71 156
2187 71 70 68
2188 70 71 156
2189 70 71 156
2190 63 53 105
2191 66 69 105
2192 104 105 69
2193 69 67 104
2194 69 66 108
2195 67 69 109
2196 69 67 104
2197 108 109 69
2198 108 109 69
2199 69 66 108
2200 69 66 108
2201 221 55 222
2202 55 107 65
2203 55 107 65
2204 55 107 65
2205 107 55 9
2206 55 107 65
2207 189 193 221
2208 55 221 193
2209 55 221 193
2210 55 221 193
2211 55 221 193
2212 193 189 245
2213 193 189 245
2214 193 189 245
2215 189 193 221
2216 244 245 189
2217 244 245 189
2218 244 245 189
2219 244 243 233
2220 189 190 244
2221 189 190 244
2222 243 244 190
2223 244 243 233
2224 189 190 244
2225 243 244 190
2226 189 190 244
2227 133 243 173
2228 243 133 112
2229 243 244 190
2230 190 189 56
2231 189 190 244
2232 190 189 56
2233 221 56 189
2234 189 190 244
2235 221 56 189
2236 189 193 221
2237 189 193 221
2238 221 55 222
2239 221 56 189
2240 221 55 222
2241 221 55 222
2242 65 222 55
2243 221 55 222
2244 221 56 189
2245 221 56 189
2246 221 222 56
2247 221 55 222
2248 221 56 189
2249 190 189 56
2250 9 151 107
2251 107 55 9
2252 107 55 9
2253 108 107 151
2254 108 107 151
2255 108 107 151
2256 109 108 10
2257 108 107 151
2258 151 10 108
2259 151 337 10
2260 151 10 108
2261 151 10 108
2262 151 10 108
2263 9 151 107
2264 9 151 107
2265 9 151 107
2266 9 151 107
2267 55 193 8
2268 221 222 56
2269 157 56 158
2270 190 189 56
2271 190 189 56
2272 173 190 157
2273 190 173 243
2274 190 173 243
2275 190 173 243
2276 190 173 243
2277 190 173 243
2278 190 173 243
2279 173 155 133
2280 173 155 133
2281 133 243 173
2282 189 190 244
2283 190 173 243
2284 190 173 243
2285 155 112 133
2286 173 155 133
2287 155 112 133
2288 173 155 133
2289 154 26 155
2290 154 26 155
2291 154 26 155
2292 153 22 154
2293 153 22 154
2294 153 154 158
2295 145 23 153
2296 145 23 153
2297 22 153 23
2298 155 112 133
2299 112 155 26
2300 26 232 112
2301 112 233 243
2302 233 112 232
2303 26 232 112
2304 231 232 22
2305 231 232 22
2306 22 23 231
2307 22 23 231
2308 230 231 23
2309 119 120 230
2310 230 231 23
2311 229 230 24
2312 230 229 119
2313 230 229 119
2314 22 153 23
2315 23 24 230
2316 145 144 23
2317 24 23 144
2318 24 23 144
2319 26 154 22
2320 145 144 23
2321 145 144 23
2322 145 144 23
2323 24 23 144
2324 144 145 160
2325 163 144 161
2326 163 110 144
2327 144 145 160
2328 144 145 160
2329 163 144 161
2330 163 144 161
2331 163 110 144
2332 144 145 160
2333 144 145 160
2334 159 160 145
2335 144 145 160
2336 160 161 144
2337 160 161 144
2338 145 153 159
2339 145 153 159
2340 145 153 159
2341 145 153 159
2342 158 159 153
2343 145 153 159
2344 145 153 159
2345 145 144 23
2346 163 7 110
2347 163 110 144
2348 25 110 7
2349 25 110 7
2350 163 7 110
2351 7 33 25
2352 7 33 25
2353 130 25 33
2354 7 163 246
2355 161 246 163
2356 161 246 163
2357 246 33 7
2358 24 144 110
2359 24 144 110
2360 154 155 157
2361 153 154 158
2362 154 155 157
2363 153 154 158
2364 154 155 157
2365 154 155 157
2366 173 157 155
2367 154 155 157
2368 173 190 157
2369 173 157 155
2370 157 158 154
2371 157 158 154
2372 190 173 243
2373 173 157 155
2374 173 157 155
2375 153 154 158
2376 157 158 154
2377 173 190 157
2378 28 56 222
2379 157 56 158
2380 28 158 56
2381 28 158 56
2382 27 28 223
2383 222 223 28
2384 27 28 223
2385 222 223 28
2386 224 29 223
2389 27 223 29
2394 225 30 224
2397 29 224 30
2400 113 247 225
2403 30 225 247
2406 113 247 225
2409 113 247 225
2412 113 247 225
2415 113 247 225
2418 113 247 225
2421 113 247 225
2424 113 247 225
2427 113 247 225
2430 113 124 226
2431 247 113 130
2432 247 113 130
2433 113 124 226
2434 247 113 130
2435 113 124 226
2436 124 113 46
2437 124 113 46
2438 124 113 46
2439 124 113 46
2450 124 113 46
2451 124 113 46
2452 124 113 46
2453 124 113 46
2454 156 124 70
2455 124 113 46
2456 124 113 46
2457 156 124 70
2458 124 113 46
2459 124 113 46
2460 124 113 46
2461 46 70 124
2462 124 113 46
2463 225 46 113
2464 225 46 113
2465 225 46 113
2466 225 46 113
2467 225 46 113
2504 225 46 113
2505 225 46 113
2506 225 30 224
2507 225 30 224
2508 225 46 113
2509 225 46 113
2510 225 30 224
2511 224 53 225
2512 224 53 225
2513 225 30 224
2514 224 29 223
2515 27 223 29
2806 160 161 144
2810 161 246 163
2873 246 161 247
2875 246 161 247
2877 246 161 247
2879 246 247 33
2907 142 36 129
2908 203 129 36
2909 142 36 129
2910 142 36 129
2911 203 129 36
2912 203 129 36
2913 142 36 129
2914 129 209 142
2915 129 209 142
2916 101 36 100
2917 142 100 36
2918 142 126 100
2919 101 36 100
2920 101 36 100
2921 119 118 101
2922 101 100 119
2923 101 100 119
2924 120 119 100
2925 119 120 230
2926 230 229 119
2927 118 117 50
2928 50 101 118
2929 119 118 101
2930 119 118 101
2931 50 205 101
2932 36 101 205
2933 123 50 117
2934 123 50 117
2935 123 50 117
2936 118 117 50
2937 123 50 117
2938 123 50 117
2939 50 123 187
2940 118 117 50
2941 111 116 117
2942 123 117 116
2943 123 117 116
2944 111 116 117
2945 123 117 116
2946 123 117 116
2949 111 116 117
2950 111 117 31
2951 111 31 35
2953 228 31 117
2954 111 31 35
2955 31 228 25
2956 31 25 226
2957 226 35 31
2958 111 31 35
2959 228 229 110
2960 228 229 110
2961 110 25 228
2962 110 25 228
2963 31 228 25
2964 24 110 229
2965 24 110 229
2966 229 228 118
2967 229 230 24
2968 229 228 118
2969 118 119 229
2970 228 31 117
2971 117 118 228
2972 229 228 118
2973 118 119 229
2974 117 118 228
2975 31 25 226
2976 130 226 25
2977 130 226 25
2978 226 35 31
2979 130 226 25
2980 226 130 113
2981 35 226 124
2982 130 33 247
2983 226 130 113
2984 226 130 113
2985 113 124 226
2986 35 226 124
2987 130 226 25
2988 130 25 33
2989 130 33 247
2990 247 113 130
2991 246 247 33
2992 247 113 130
2993 247 113 130
2994 247 113 130
2995 130 33 247
2996 246 247 33
2997 113 124 226
2998 35 226 124
2999 113 124 226
3000 113 124 226
3001 124 156 35
3002 124 156 35
3003 226 35 31
3004 226 35 31
3005 35 226 124
3006 35 226 124
3007 124 156 35
3008 143 35 156
3009 124 156 35
3010 143 35 156
3011 35 143 111
3012 116 111 143
3013 35 143 111
3014 116 111 143
3015 116 111 143
3017 143 35 156
3018 143 34 116
3019 156 139 143
3020 34 143 139
3021 34 143 139
3022 143 34 116
3023 143 35 156
3024 156 139 143
3025 156 139 143
3026 156 139 143
3027 156 139 143
3028 156 139 143
3029 156 139 143
3030 143 35 156
3031 143 35 156
3032 34 143 139
3033 156 139 143
3034 139 162 34
3035 34 143 139
3036 123 117 116
3037 116 227 123
3038 116 227 123
3039 116 227 123
3040 227 116 34
3041 227 116 34
3042 227 116 34
3043 227 116 34
3044 111 31 35
3045 147 187 123
3046 147 187 123
3047 50 123 187
3048 50 123 187
3049 50 123 187
3050 50 123 187
3051 187 147 192
3052 147 187 123
3053 147 187 123
3054 147 177 213
3055 147 187 123
3056 123 137 147
3057 123 137 147
3058 147 177 213
3059 213 192 147
3060 187 147 192
3061 213 192 147
3062 213 192 147
3063 187 147 192
3064 187 147 192
3065 213 192 147
3066 213 192 147
3067 213 215 192
3068 213 215 192
3069 213 215 192
3070 213 215 192
3071 214 192 135
3072 213 192 147
3073 138 192 215
3074 138 192 215
3075 213 215 192
3076 215 213 177
3077 213 215 192
3078 215 213 177
3079 138 192 215
3080 138 135 192
3081 138 192 215
3082 138 192 215
3083 138 135 192
3084 138 135 192
3085 138 192 215
3086 138 215 172
3087 138 215 172
3088 138 215 172
3089 214 207 192
3090 187 192 207
3091 187 192 207
3092 214 207 192
3093 187 192 207
3094 187 192 207
3095 214 192 135
3096 214 192 135
3097 214 207 192
3098 214 207 192
3099 214 210 212
3100 214 207 192
3101 214 207 192
3102 214 207 192
3103 214 207 192
3104 214 192 135
3105 207 214 216
3106 214 207 192
3107 207 214 216
3108 187 192 207
3109 187 147 192
3110 147 187 123
3111 207 205 187
3112 207 205 187
3113 187 192 207
3114 187 192 207
3115 147 177 213
3116 147 177 213
3117 123 137 147
3118 177 147 137
3119 123 137 147
3120 137 123 227
3121 177 147 137
3122 177 147 137
3123 147 187 123
3124 123 137 147
3125 116 227 123
3126 137 123 227
3127 147 177 213
3128 215 213 177
3129 177 147 137
3130 215 213 177
3131 177 147 137
3132 177 147 137
3133 137 93 177
3134 137 93 177
3135 132 58 177
3136 215 177 58
3137 137 123 227
3138 177 147 137
3139 137 123 227
3140 137 93 177
3141 50 187 205
3142 50 187 205
3143 50 187 205
3144 50 187 205
3145 50 205 101
3146 50 205 101
3147 36 101 205
3148 36 101 205
3149 205 206 36
3150 36 101 205
3151 203 36 206
3152 203 36 206
3153 203 36 206
3154 203 36 206
3155 205 207 206
3156 205 206 36
3157 205 206 36
3158 205 207 206
3159 205 206 36
3160 205 207 206
3161 50 205 101
3162 50 187 205
3163 207 205 187
3164 207 205 187
3165 207 205 187
3166 207 205 187
3167 216 206 207
3168 216 206 207
3169 207 214 216
3170 207 214 216
3171 207 214 216
3172 207 214 216
3173 207 214 216
3174 216 206 207
3175 216 206 207
3176 186 92 216
3177 206 216 92
3178 216 206 207
3179 216 206 207
3180 206 216 92
3181 206 216 92
3182 216 212 186
3183 216 212 186
3184 216 212 186
3185 216 212 186
3186 187 192 207
3187 129 203 98
3188 102 129 64
3189 129 209 142
3190 98 64 129
3191 98 64 129
3192 98 64 129
3193 102 129 64
3194 129 209 142
3195 98 240 64
3196 98 240 64
3197 98 240 64
3198 209 129 49
3199 102 129 64
3200 209 129 49
3201 209 49 198
3202 209 129 49
3203 126 142 209
3204 129 209 142
3205 129 209 142
3206 129 209 142
3207 126 142 209
3208 126 142 209
3209 129 209 142
3210 240 75 235
3211 59 75 166
3212 98 97 240
3213 165 167 98
3214 165 98 203
3215 165 167 98
3216 165 39 167
3217 165 167 98
3218 165 98 203
3219 165 92 39
3220 165 98 203
3221 165 98 203
3222 165 92 39
3223 165 92 39
3224 165 39 167
3225 165 167 98
3226 165 167 98
3227 165 39 167
3228 97 98 167
3229 97 98 167
3230 37 167 39
3231 37 167 39
3232 37 167 39
3233 37 167 39
3234 165 39 167
3235 165 39 167
3236 167 37 164
3237 167 37 164
3238 37 72 0
3239 37 39 72
3240 38 41 82
3241 38 41 82
3242 37 39 72
3243 73 72 39
3244 81 82 41
3245 41 38 73
3246 165 39 167
3247 165 39 167
3248 165 39 167
3249 39 40 73
3250 73 74 41
3251 39 40 73
3252 80 81 42
3253 41 42 81
3254 41 42 81
3255 81 178 82
3256 80 81 42
3257 80 88 81
3258 80 81 42
3259 178 81 88
3260 80 81 42
3261 80 88 81
3262 42 183 80
3263 42 183 80
3264 88 80 95
3265 80 88 81
3266 165 92 39
3267 74 73 40
3268 40 39 92
3269 42 183 80
3270 165 92 39
3271 165 92 39
3272 40 39 92
3273 74 184 42
3274 40 39 92
3275 92 186 40
3276 74 40 184
3277 191 80 183
3278 92 165 206
3279 92 165 206
3280 92 165 206
3281 92 165 206
3282 38 41 82
3283 81 82 41
3284 81 178 82
3285 87 82 178
3291 81 178 82
3294 81 82 41
3295 165 98 203
3296 129 203 98
3297 129 203 98
3298 165 98 203
3299 203 206 165
3300 203 206 165
3301 203 206 165
3302 92 165 206
3303 206 216 92
3304 92 165 206
3305 206 216 92
3306 206 216 92
3307 186 92 216
3308 185 40 186
3309 92 186 40
3310 185 40 186
3311 184 185 76
3312 186 92 216
3313 186 92 216
3314 61 76 185
3315 78 191 62
3316 92 186 40
3317 92 186 40
3318 191 80 183
3319 191 80 183
3320 183 62 191
3321 78 95 191
3322 78 95 191
3323 78 95 191
3324 78 95 191
3325 78 191 62
3326 78 191 62
3327 78 191 62
3328 78 95 191
3329 78 95 191
3330 78 191 62
3331 78 191 62
3332 78 191 62
3333 78 191 62
3334 78 191 62
3335 78 191 62
3336 78 191 62
3337 78 191 62
3338 78 191 62
3339 78 191 62
3340 78 191 62
3341 78 191 62
3342 78 191 62
3343 78 191 62
3344 61 76 185
3345 61 146 76
3346 61 146 76
3347 78 191 62
3348 78 191 62
3349 78 191 62
3350 61 76 185
3351 78 95 191
3352 78 95 191
3353 78 191 62
3354 78 191 62
3355 78 95 191
3356 78 95 191
3357 78 191 62
3358 78 191 62
3359 78 191 62
3360 78 191 62
3361 78 191 62
3362 191 80 183
3363 191 80 183
3364 191 95 80
3365 191 95 80
3366 42 183 80
3367 88 80 95
3368 191 95 80
3369 191 95 80
3370 191 95 80
3376 191 95 80
3377 191 95 80
3378 42 183 80
3379 186 57 185
3380 186 57 185
3381 186 57 185
3382 61 185 57
3383 61 57 146
3384 57 186 212
3385 57 186 212
3386 61 57 146
3387 61 57 146
3388 61 146 76
3389 43 146 57
3390 43 146 57
3391 43 146 57
3392 61 146 76
3393 43 146 57
3394 61 146 76
3395 43 146 57
3396 43 146 57
3397 43 146 57
3398 77 76 146
3399 57 212 43
3400 202 43 212
3401 202 43 212
3402 202 43 212
3403 202 43 212
3404 202 43 212
3405 57 186 212
3406 57 212 43
3407 57 186 212
3408 57 212 43
3409 216 212 186
3410 57 186 212
3411 216 212 186
3412 186 92 216
3413 216 212 186
3414 186 92 216
3415 206 216 92
3416 203 36 206
3417 203 36 206
3418 129 203 98
3419 129 203 98
3420 47 100 126
3421 138 215 172
3422 138 215 172
3423 132 58 177
3424 132 177 93
3425 215 177 58
3426 215 213 177
3427 215 177 58
3428 215 177 58
3429 215 177 58
3430 137 93 177
3431 137 93 177
3432 137 93 177
3433 34 127 227
3434 234 227 127
3435 234 227 127
3436 227 234 137
3437 227 234 137
3438 93 137 234
3439 71 21 139
3440 162 139 21
3441 162 139 21
3442 162 139 21
3443 139 162 34
3444 139 162 34
3445 71 21 139
3446 139 156 71
3447 139 156 71
3448 71 21 139
3449 71 21 139
3450 139 156 71
3451 139 156 71
3452 139 162 34
3453 139 162 34
3454 127 34 162
3455 139 162 34
3456 127 34 162
3457 301 368 251
3458 9 336 151
3459 9 336 151
3460 151 337 10
3461 151 337 10
3462 380 385 381
3606 342 445 467
3607 342 445 467
3610 466 263 467
3611 342 445 467
3673 340 265 261
3674 388 390 466
3675 388 390 466
3676 388 390 466
3677 387 373 388
3680 466 467 388
3682 466 467 388
3684 466 467 388
3686 466 263 467
3687 466 263 467
3688 467 359 342
3689 466 467 388
3699 426 322 436
3700 426 322 436
3701 426 322 436
3702 426 322 436
3703 410 436 322
3704 436 427 426
3705 436 427 426
3706 426 322 436
3707 436 427 426
3708 436 427 426
3709 436 410 432
3710 436 410 432
3711 436 410 432
3712 436 410 432
3713 427 436 434
3714 427 436 434
3715 432 434 436
3716 432 434 436
3717 436 410 432
3718 432 434 436
3719 436 410 432
3720 287 432 410
3721 432 434 436
3722 432 434 436
3723 432 434 436
3724 422 432 273
3725 287 273 432
3726 422 432 273
3727 434 432 430
3728 434 432 430
3729 434 432 430
3730 434 432 430
3731 434 432 430
3732 434 432 430
3733 434 432 430
3734 434 432 430
3735 422 430 432
3736 422 430 432
3737 422 430 432
3738 422 430 432
3739 422 430 432
3740 422 432 273
3741 422 430 432
3742 273 335 422
3743 430 422 431
3744 430 422 431
3745 430 422 431
3746 430 422 431
3747 424 422 335
3748 424 422 335
3749 424 431 422
3750 424 431 422
3751 424 431 422
3752 424 431 422
3753 424 431 422
3754 430 422 431
3755 335 406 424
3756 335 406 424
3757 335 406 424
3758 335 406 424
3759 418 424 406
3760 418 424 406
3761 418 424 406
3762 424 418 431
3763 335 321 406
3764 335 321 406
3765 335 321 406
3766 335 321 406
3767 405 406 321
3768 335 321 406
3769 335 273 321
3770 335 273 321
3771 335 406 424
3772 335 273 321
3773 424 422 335
3774 424 422 335
3775 424 422 335
3776 424 422 335
3777 424 418 431
3778 424 418 431
3779 424 418 431
3780 424 418 431
3781 262 431 418
3782 262 431 418
3783 262 431 418
3784 418 421 262
3785 418 424 406
3786 418 406 421
3787 418 424 406
3788 418 424 406
3789 418 406 421
3790 418 406 421
3791 430 422 431
3792 434 430 364
3793 430 422 431
3794 394 364 430
3795 434 430 364
3796 434 430 364
3797 431 395 430
3798 430 422 431
3799 394 430 395
3800 394 430 395
3801 379 394 378
3802 379 394 378
3803 394 430 395
3804 395 378 394
3805 394 379 364
3806 394 430 395
3807 431 395 430
3808 431 395 430
3809 431 262 395
3810 431 395 430
3811 394 364 430
3812 394 364 430
3813 394 364 430
3814 394 364 430
3815 394 364 430
3816 394 364 430
3817 434 430 364
3818 434 432 430
3819 434 430 364
3820 434 430 364
3821 434 364 416
3822 273 335 422
3823 273 335 422
3824 273 335 422
3825 273 335 422
3826 273 287 375
3827 273 335 422
3828 273 335 422
3829 422 432 273
3830 307 375 306
3831 375 321 273
3832 375 321 273
3833 273 287 375
3834 375 321 273
3835 375 321 273
3836 291 306 375
3837 291 306 375
3838 273 287 375
3839 273 287 375
3840 273 287 375
3841 273 287 375
3842 422 432 273
3843 287 273 432
3844 422 432 273
3845 335 273 321
3846 335 273 321
3847 422 432 273
3848 434 364 416
3849 434 364 416
3850 432 434 436
3851 434 416 427
3852 434 416 427
3853 432 434 436
3854 434 416 427
3855 434 416 427
3856 434 416 427
3857 434 416 427
3858 434 416 427
3859 411 427 416
3860 411 427 416
3861 433 376 416
3862 411 416 376
3863 411 416 376
3864 411 427 416
3865 411 427 416
3866 433 376 416
3867 433 376 416
3868 411 416 376
3869 411 427 416
3870 411 427 416
3871 411 416 376
3872 376 352 411
3873 433 416 435
3874 433 376 416
3875 434 416 427
3876 434 416 427
3877 427 436 434
3878 411 427 416
3879 427 436 434
3880 427 436 434
3881 427 436 434
3882 427 436 434
3883 436 427 426
3884 427 436 434
3885 427 411 425
3886 411 427 416
3887 427 411 425
3888 287 432 410
3889 273 287 375
3890 287 273 432
3891 287 432 410
3892 410 409 287
3893 287 432 410
3894 287 432 410
3895 436 410 432
3896 308 292 415
3897 291 409 306
3898 410 409 287
3899 291 409 306
3900 291 409 306
3901 291 287 409
3902 410 409 287
3903 410 436 322
3904 308 415 324
3905 308 292 415
3906 308 292 415
3907 308 292 415
3908 408 306 409
3909 308 415 324
3910 308 292 415
3911 308 415 324
3912 308 292 415
3913 308 415 324
3914 308 292 415
3915 308 415 324
3916 308 415 324
3917 308 415 324
3918 308 292 415
3919 308 292 415
3920 308 292 415
3921 308 292 415
3922 308 292 415
3923 308 292 415
3924 308 292 415
3925 308 292 415
3926 308 292 415
3927 308 292 415
3928 308 292 415
3929 308 292 415
3930 308 292 415
3931 291 306 375
3932 291 287 409
3933 291 306 375
3934 291 375 287
3935 308 292 415
3936 308 292 415
3937 308 292 415
3938 308 292 415
3939 409 410 270
3940 322 270 410
3941 410 436 322
3942 410 436 322
3943 410 436 322
3944 426 322 436
3945 410 436 322
3946 322 270 410
3947 322 426 391
3948 426 322 436
3949 322 426 391
3950 436 410 432
3951 291 306 375
3952 291 375 287
3953 391 423 327
3954 391 423 327
3955 423 391 426
3956 436 427 426
3957 427 411 425
3958 427 411 425
3959 353 265 383
3960 353 265 383
3961 383 300 353
3962 353 265 383
3963 383 300 353
3964 342 446 353
3965 342 446 353
3966 342 446 353
3967 342 446 353
3968 342 446 353
3969 342 446 353
3970 342 446 353
3971 467 359 342
3972 467 359 342
3973 467 359 342
3974 467 359 342
3975 342 446 353
3976 342 446 353
3977 353 265 383
3978 396 428 175
3979 396 428 175
3980 175 152 396
3981 396 428 175
3982 199 428 200
3983 421 200 428
3984 199 428 200
3985 199 428 200
3986 199 428 200
3987 421 200 428
3988 421 313 200
3989 421 313 200
3990 421 313 200
3991 18 200 313
3992 18 200 313
3993 18 200 313
3994 18 200 313
3995 18 200 313
3996 18 200 313
3997 421 313 200
3998 421 313 200
3999 83 18 84
4000 83 18 84
4001 18 83 200
4002 83 18 84
4003 18 83 200
4004 18 83 200
4005 18 200 313
4006 17 18 314
4007 313 314 18
4008 313 314 18
4009 313 314 18
4010 313 314 18
4011 18 83 200
4012 201 200 83
4013 201 200 83
4014 201 200 83
4015 313 421 406
4016 313 421 406
4017 313 421 406
4018 313 421 406
4019 313 421 406
4020 313 421 406
4021 313 406 314
4022 313 406 314
4023 313 406 314
4024 313 406 314
4025 405 314 406
4026 313 406 314
4027 313 406 314
4028 418 406 421
4029 313 421 406
4030 418 406 421
4031 418 406 421
4032 421 200 428
4033 428 262 421
4034 428 262 421
4035 418 421 262
4036 428 262 421
4037 396 369 428
4038 262 428 369
4039 262 428 369
4040 418 421 262
4041 418 421 262
4042 262 428 369
4043 262 431 418
4044 369 395 262
4045 369 395 262
4046 201 208 200
4047 199 200 208
4048 201 200 83
4049 201 208 200
4050 208 201 32
4051 208 201 32
4052 171 175 208
4053 208 201 32
4054 32 140 208
4055 32 140 208
4056 171 208 140
4057 171 175 208
4058 83 182 201
4059 201 208 200
4060 83 182 201
4061 194 32 201
4062 171 175 208
4063 199 200 208
4064 395 369 378
4065 140 32 170
4066 140 32 170
4067 170 149 140
4068 150 149 169
4069 211 170 32
4070 170 169 149
4071 211 210 170
4072 170 169 149
4073 394 379 364
4074 364 365 367
4075 394 364 430
4076 364 365 367
4077 364 365 367
4078 364 365 367
4156 113 124 226
4157 113 124 226
4158 113 124 226
4159 156 124 70
4160 113 124 226
4161 113 124 226
4162 113 124 226
4163 124 156 35
4164 124 156 35
4165 124 156 35
4166 124 156 35
4167 124 156 35
4168 124 156 35
4169 156 124 70
4170 139 156 71
4171 156 124 70
4172 156 124 70
4173 70 71 156
4174 70 71 156
4175 70 71 156
4176 70 71 156
4177 156 124 70
4178 156 124 70
4179 70 71 156
4180 139 156 71
4181 70 71 156
4182 139 156 71
4183 156 124 70
4184 156 124 70
4185 156 124 70
4186 46 70 124
4187 46 70 124
4188 46 70 124
4189 46 70 124
4190 46 70 124
4191 46 70 124
4192 70 46 63
4193 70 46 63
4194 225 46 113
4195 156 124 70
4308 78 191 62
4309 78 191 62
4310 78 191 62
4311 78 191 62
4312 78 191 62
4313 78 191 62
4314 78 191 62
4315 78 191 62
4316 78 191 62
4317 78 191 62
4318 78 191 62
4319 78 191 62
4320 78 191 62
4321 78 191 62
4322 78 191 62
4323 78 191 62
4324 78 191 62
4325 78 62 95
4326 78 191 62
4327 78 191 62
4328 78 62 95
4329 78 95 191
4330 78 95 191
4331 78 191 62
4332 78 191 62
4333 78 62 95
4334 146 43 91
4335 146 43 91
4336 96 62 77
4337 146 91 77
4338 96 95 62
4339 106 91 43
4340 106 91 43
4341 146 91 77
4342 77 90 96
4343 96 95 62
4344 95 96 88
4345 95 96 88
4346 78 95 191
4347 90 77 91
4348 95 96 88
4349 90 77 91
4350 89 88 96
4351 88 80 95
4352 191 95 80
4353 106 91 43
4354 106 91 43
4355 106 182 91
4356 106 182 91
4357 146 43 91
4358 106 91 43
4359 43 202 106
4360 43 202 106
4361 204 106 202
4362 106 91 43
4363 43 202 106
4364 43 202 106
4365 43 202 106
4366 204 106 202
4367 204 106 202
4368 204 106 202
4369 43 202 106
4370 43 202 106
4371 202 212 210
4372 146 43 91
4373 106 204 182
4374 204 106 202
4375 106 204 182
4376 106 182 91
4377 204 106 202
4378 204 202 211
4379 204 202 211
4380 106 204 182
4381 106 182 91
4382 106 182 91
4383 106 204 182
4384 194 182 204
4385 106 182 91
4386 181 91 182
4387 106 204 182
4388 204 211 194
4389 194 182 204
4390 194 182 204
4391 90 91 180
4392 89 90 179
4393 181 180 91
4394 89 179 88
4395 80 88 81
4396 88 80 95
4397 106 182 91
4398 181 91 182
4399 181 180 91
4400 180 179 90
4401 181 182 84
4402 179 180 86
4403 178 81 88
4404 178 88 179
4405 181 182 84
4406 179 180 86
4407 84 85 181
4408 85 86 180
4409 86 87 179
4410 178 179 87
4411 181 182 84
4412 181 182 84
4413 181 182 84
4414 83 84 182
4415 83 84 182
4416 83 84 182
4417 181 91 182
4418 181 91 182
4419 88 80 95
4420 88 80 95
4421 80 88 81
4422 80 88 81
4423 88 80 95
4424 88 80 95
4425 80 88 81
4426 178 81 88
4427 178 81 88
4428 80 88 81
4429 78 95 191
4430 78 95 191
4431 191 95 80
4432 191 95 80
4433 78 95 191
4434 78 95 191
4435 78 191 62
4436 78 191 62
4442 191 95 80
4443 191 95 80
4444 78 191 62
4445 78 191 62
4446 78 191 62
4447 78 191 62
4448 78 191 62
4449 78 191 62
4450 78 191 62
4451 78 191 62
4452 78 191 62
4464 212 216 214
4465 212 216 214
4466 216 212 186
4467 212 216 214
4468 212 216 214
4469 212 216 214
4470 212 216 214
4471 214 210 212
4472 212 216 214
4473 214 210 212
4474 202 212 210
4475 202 43 212
4476 214 210 212
4477 202 43 212
4478 202 212 210
4479 202 212 210
4480 202 212 210
4481 202 212 210
4482 214 135 210
4483 210 211 202
4484 210 211 202
4485 214 135 210
4486 214 135 210
4487 169 210 135
4488 210 211 202
4489 210 211 202
4490 214 135 210
4491 214 135 210
4492 214 135 210
4493 214 210 212
4494 214 192 135
4495 214 192 135
4496 214 192 135
4497 214 135 210
4498 214 210 212
4499 214 210 212
4500 214 192 135
4501 214 192 135
4502 214 210 212
4503 214 192 135
4504 138 135 192
4505 138 135 192
4506 135 138 136
4507 138 135 192
4508 135 138 136
4509 169 210 135
4510 135 138 136
4511 135 138 136
4512 169 210 135
4513 169 210 135
4514 169 210 135
4515 169 210 135
4516 204 202 211
4517 210 211 202
4518 210 211 202
4519 211 210 170
4520 169 170 210
4521 169 170 210
4522 169 210 135
4523 169 170 210
4524 169 210 135
4525 169 135 150
4526 169 135 150
4527 150 149 169
4528 135 138 136
4529 135 138 136
4530 172 136 138
4531 172 136 138
4532 172 136 138
4533 138 215 172
4534 138 135 192
4535 138 135 192
4536 214 192 135
4537 214 210 212
4538 210 211 202
4539 210 211 202
4540 212 216 214
4541 207 214 216
4542 209 49 198
4543 131 134 198
4544 236 198 134
4545 34 127 227
4546 34 127 227
4547 34 127 227
4548 161 246 163
4549 161 246 163
4550 246 161 247
4551 246 247 33
4552 246 247 33
4553 247 113 130
4554 137 123 227
4555 137 123 227
4556 227 234 137
4557 227 234 137
4558 34 127 227
4559 137 93 177
4560 113 124 226
4561 247 113 130
4562 247 113 130
4563 113 247 225
4565 138 215 172
4566 215 213 177
4567 215 213 177
4568 169 170 210
4569 211 210 170
4571 395 378 394
4572 431 262 395
4573 431 262 395
4574 405 406 321
4575 405 406 321
4576 320 321 307
4577 320 404 321
4578 335 321 406
4579 335 321 406
4580 405 321 404
4581 405 406 321
4582 307 325 320
4583 320 321 307
4584 335 273 321
4585 375 307 321
4586 308 324 292
4587 325 292 324
4588 375 307 321
4589 325 307 292
4590 308 292 415
4591 308 324 292
4592 308 324 292
4593 308 292 415
4594 308 292 415
4595 308 292 415
4596 308 292 415
4597 308 292 415
4598 308 292 415
4599 308 292 415
4600 308 292 415
4601 308 292 415
4602 308 292 415
4603 308 292 415
4604 308 292 415
4605 308 292 415
4606 308 292 415
4607 308 292 415
4608 308 292 415
4609 308 292 415
4610 308 292 415
4611 308 415 324
4612 308 292 415
4613 308 415 324
4614 308 415 324
4615 324 318 325
4616 308 415 324
4617 324 318 325
4618 324 318 325
4619 319 325 318
4620 415 310 324
4621 318 324 310
4622 319 403 320
4623 319 318 403
4624 318 324 310
4625 310 311 318
4626 318 324 310
4627 310 311 318
4628 318 324 310
4629 318 324 310
4630 318 324 310
4631 310 311 318
4632 415 310 324
4633 415 310 324
4634 415 310 324
4635 415 310 324
4636 308 415 324
4637 308 415 324
4638 308 415 324
4639 308 415 324
4643 308 292 415
4646 308 292 415
4649 308 292 415
4650 308 292 415
4654 308 292 415
4656 308 292 415
4657 308 292 415
4658 308 292 415
4659 308 292 415
4660 308 292 415
4661 308 292 415
4662 308 292 415
4663 308 292 415
4664 308 292 415
4665 308 292 415
4666 308 292 415
4667 405 321 404
4668 405 406 321
4669 405 314 406
4670 405 314 406
4671 405 314 406
4672 405 314 406
4673 314 405 315
4674 313 406 314
4675 314 405 315
4676 313 406 314
4677 315 16 314
4678 313 314 18
4679 17 314 16
4680 17 314 16
4681 16 315 15
4682 16 315 15
4683 316 15 315
4684 317 14 316
4685 15 316 14
4686 15 316 14
4687 85 84 16
4688 17 16 84
4689 16 15 85
4690 86 85 15
4691 15 14 86
4692 87 86 14
4693 84 85 181
4694 85 86 180
4695 86 87 179
4696 87 82 178
4697 81 178 82
4698 82 87 13
4699 82 87 13
4700 87 82 178
4701 81 178 82
4706 81 178 82
4708 81 178 82
4709 14 317 13
4712 14 13 87
4713 312 13 317
4715 312 13 317
4717 316 403 317
4718 317 402 312
4719 312 13 317
4720 316 403 317
4721 311 312 402
4722 311 312 402
4723 317 402 312
4724 14 317 13
4725 14 317 13
4728 14 13 87
4729 83 18 84
4730 17 84 18
4731 17 18 314
4732 83 84 182
4733 83 84 182
4734 17 18 314
4735 315 404 316
4736 315 404 316
4737 403 316 404
4738 403 316 404
4739 402 318 311
4740 402 317 403
4741 311 312 402
4742 402 318 311
4743 402 318 311
4744 311 312 402
4747 310 311 318
4750 402 403 318
4751 310 311 318
4752 404 320 403
4753 83 182 201
4754 83 182 201
4755 83 182 201
4756 83 182 201
4757 194 201 182
4758 83 84 182
4759 194 201 182
4760 83 182 201
4761 83 84 182
4762 194 182 204
4763 194 182 204
4764 194 182 204
4765 194 201 182
4766 194 201 182
4767 32 194 211
4768 194 32 201
4769 32 194 211
4770 32 194 211
4771 204 211 194
4772 204 211 194
4773 32 194 211
4774 32 140 208
4775 194 32 201
4776 211 170 32
4777 211 170 32
4778 204 211 194
4779 211 210 170
4780 204 211 194
4781 204 202 211
4782 194 32 201
4783 194 201 182
4784 194 201 182
4785 181 91 182
4786 83 84 182
4787 204 202 211
4794 415 310 324
4796 415 310 324
4798 318 324 310
4799 415 310 324
4800 415 310 324
4801 415 310 324
